ZAAK-REGISTER.            )

Klerk (le gezworen). 59. 63, 143.
153, 155, 307. 418.

kn 276, 563, 609,
5 TAR

(inlandsch), 38.
(2de adjunct gezworen), 496.
Klinkant. 345.
Klip. 639, 705. 811.
Klok, 139, 345.
Knecht, 420. 421. 423 -425
Se arrie 186189.
khbvebit; 753, 754
Knevelarij, 20. 118, 120. 125. 128,
135, 166, 227, 263, 266, 285,
351, 708, 749, 827, 829.
 -len, 780, 801.
Koe, 64. 128130, 228, 704.
Koek, 346.
Koeli, 160, 250, 405. 512, 513.
555, 567, 596, 624, 642, 699,
702, 709, 752, 755
loon, 229, 331, 369, 529,
566, 568, 681.
-rol, 567.
-werk, 263.
Koepok-inenting, 171.
 -slof, 48, 63. 80-83, 86, 87.
Koets. 347.
Koevoet, 702.
Koffer. 311.
Koflij,3. 15. 16, 19, 20. 42, 48. 70,
106, 118, 121, 122, 124, 129,
132, 136, 137, 140142, 156,
161163, 166, 170, 171, 227,
235. 252, 259, 262-265, 284,
297. 303, 326329. 332, 339,
, 343, 367, 375, 381, 409,
, 414, 431, 478, 479, 501,
 520-525, 581, 641
3. 659, 686, 687, 693, 694,
, 709, 715, 745, 749, 754,
779, 780. 790, 804, 814, 828.
 -boom, 20, 21, 119, 121, 123,
124, 130, 131, 133, 262, 284,
667, 704.
 -boon, 161-163, 263, 285, 300.
 cultuur, 21. 120, 126, 130
132, 161, 162, 166, 177, 227,
263. 265, 283, 410. 473, 485.

577. 624, 667, 700, 702, 704,

709, 771, 772, 780, 781, 833.
reld, 285.

-huis (militair), 110.
-leverantie, 150, 410, 665.
-mandoer, 130

. . .

 Koffij-opziener, 831.
-plantage, 20, 118, zi,
125, 781.
-planter, 121.
 pluk. 700. 749.
 teelt, 20, 21, 640.
 tuin, 5, 118, 125, 130,
133. 283. 410. 667. 770, 779.
Kogel, 26, 318.
’ pel 217.

1, 84.
Robe 759, 760, 775, 776.
Kok, 110, 685.

Koken, 532, 696.
Koking, 109, 110.
Kolek, 270, 271.
Kolonel, zij 167, 321,

757, 766, 767,
830.
ter zee, 682.
-generaal, 373.
-tulair. 45, 68, 198,
koldsie, 6 56.
Kombaars, 311, 313, 689.
Kombuis, 109. 110, 684.
Kommies, 595, 596, 652.
.   (le). 552. 554.
Kompagnie. 79. 84, 85, 103, 159,
ier 250. 251. 311, 313, 457,
bi6 532, 555, 588, 597, 598,
626633, 638, 654, 677680,
707. 739, 836. 838.
Komijn-zaad, 345.
Kongsi, 798.
Koning, 339, 348, 815.     N
 van Bantam, 616.
   :  Holland, 320, 335, 361,
Er 372, 395, 396, 417, 593,

van Spanje, 805.
 rijk Holland, 408.
Konstabels-kamer, 318.
Koopbrief, 274. 276, 277, 503.
Kooper, 536, 838
Koophandel, si,
-man, 221,
(ne) 1 Ara, 182, 298, 348,
26, 516.

  (Armenisch). 194.
(neutraal), 14.
 -mans-rekening, 791,

713.
