Imbanagara, 577.

Imhoff (G. W. van), 664.

Indramajoe, 121, 565, 409,
410, 480, 621625, 715,
115, 776, 814, 822, 826,
827, 851, 855, 855.

Jaagpad te Batavia, 569.
Jakatra, 50, 444, 858.
Janssen (J.), 91.

Japan, 516, 517, 572, 450,

454, 447.
Japanezen, 517, 518.
Japara, 296, 480, 621-625,

756, 764, 767, 770, 775,

776, 810, 857.

Jassoy (A. L.), 45.

Java, 11, 35, 45, 48, 55, 61,
65014 71, 825790, 98,
WEE NAT 1 172, 1817,
185, 190, 194, 208, 210,
223, 22   229,
257, 2   252,
505,     514, 519, 3556,
578,     412, 429, 450,
455,     456, 458460,
415,         488, 501,
525,         546, 554,
570,         604, 615,
659, 701, 747, 765, 766,
1715, 776, 779, 780, 788,
805807, 815, 819, 859.

Java’s Noordkust, 220.
 Noord-Oostkust,
185, 191, 251, 237,
512, 3597, 426, 4753,

267, 278,

581,
456,
479481,
627, 534,
587, 591,

A71,
565,

254, 256,

475,

REGESTER VAN NAMEN,

 476, 481, 531, 542, 612,
622, 758, 754, 755, 769,
765, 771, 795,:795, 814.

 Javanen, 103, 121, 135, 155,

169, 190, 227, 265,

285, 284, 559

581, 591, 67

755, 772,

829.
   (berg-), 228.
        (Ooster- en Wester-),

778.

    (Wester), 95.

l Jenckel (C.), 21, 22.

 Jong (A. de), 545.

 -kind (J.), 140, 186, 187,
196, 199, 420.
Josi (C.), 31.

Kaap de Goede Hoop, 52, 56,
102, 578, 585, 585.
Kadghien, 610.
Kalang, 809.
Kalapa-noenggal, 722.
Kali-anjar, 812.
 -hebal, 809.
 -gawe, 808.
 -Orang, 809.
-tjelong, 809.
-woengoe, 752, 765, 808,
820.
Kambodja, 806.
Kamoenang, 820.
Kamp (Chineesche) te Batavia,
15, 22, 55, 94, 256, 515,
564, 544,

hd

Id

'
