ZAAK-REGISTER.

448, 521, 522, 604, 618620,
622, 624, 626, 663-665.
Pachter, 2, 3, KJ 98, 101, 128
130, 187, 189, 253255,
258, DES, 2445-319, 374,
378380, 383, 407, 486,
487, 512, 513, 520522,
530532, 543, 553, GOL,
604, 615, 617, 618, 620 -
628, 643, 651, 664, 665,
760, 837, 838.
(achterstallig), 146.
Pacht- huis, 3
 -penning, 85, 255, 380, 620,
 revenu, 616.
 -schat, 615.
 -voorwaarde, 487, 628, 837.
-vrij, 254, 379, 625, 628, 633.
Pad, 143.
Padi, 54, 141, 143, 177, 378, 486,
505, 622, 637.

Pager, 140.
Pak, 387.
Paket, 112-123, 134, 831.
 -hoot, 105, 107-112, 115-
118, 120-125, 133, 134, 277,
693, 604, 774.
 -vaart, 104.
Pakhuis, 215, 216, 221, 281, 309,
432, 451, 486, 489, 493,
512, 563, 597, 610, 613,
ig 623, 658, 742, 752,

:    (Comps), 43, 104, Ere 257,
422, 424, 449, 500, 566,
641, 674, 675, 682.
   -boekhouder, 450, 586.
-meester, 304, 306, 569.
Pakkist, 833.
Pallas, 448.
Pan, 85, 381, 725.
(koperen), 48.
Pand, 368. en. 635, 706 708,
710, 8

:  mmige 269. 270, 600,
706, 707, 710, 713, 715, 773.
Pandeling, 653.
Panembahan, 822.
Pangeran, 136, 137.

Pantjalang, 248, 250, 307, 774, 803.

Papendom, 393.
Papier, 35, 175, 178, 194, 395. 396.
520,          834.

Ld           id

 (Chineeschi),   313.

885

Papier (gezegeld), 200, 242, 770,
Papieren, 1,
al  (instructieve), 782.    ij
’  (secretarile),. 114, 123,

233.
Papier van eredit, 19, 20, 23,
Be" 26   104, i46, 187, 231
235, B 266. 41d, 429, 611,

612, 647, 652, 665, 696.

  Papiergeld,   413.

Parade, 519.
 plaats, 518.
Parang, 142.
Para-para, 144.
Pardon, 292.
Parel d'amour-schelp, 689.
Parool, 447.
nhar  270, 271, 412, 695,

5     ren, Dis, 668, 670,762, 184.

-Particuli ier, 4, 23, 24, 49,85, 110, 114,

115, 122, 125, 227,233, 237,56
258, 279, 326, 335, 350, 371, 376,
386, 391, 392, 410, 421, 425, 438,
439, 441, 450, 510, 634, 644, 662.
666, 667, 717, 751, 767, 841.

Pas, 21, 9699, 101, 102, 184, 392,
401, 410, 551, 838, 840.

: (Tursche), 707.

Pasar, 2, 500, 619, 625, 627.
.  houden, 74, 487,

Pas-geld, 776.

Passagier, 499.

Passant, 403.

Passeren, 199, 476, 712.
:   acte), 683.

Patient, 72, 318.

Patata, 211, 212.

Patjoel, 141, 142.

Patroon, 186,
tasch, 90.

Payement, 357, 434, 491,

Pecceren ie ollicio), 82.

Pedak, 357, 359, 452.

Peen, 211.

Peilen, 701, 702.

Pen, 35.
 -ceel, 520.

Pennemes, 35, 175, 178, 395.

-dienst, 29, 46, 208.

 schacht, 175, 178.

Pennjaj 10e), 340342, 427, 672.

20e), 340-342, 427.

,   25e), 161.
:    40v), 342, 344,
