REGISTER VAN NAMEN.

Campen Aelmans (P. van), 588.

Cantebeen, 815.

Cattenburgh (H. J. van), 589.

Caulier (J. 0), 585.

Ceilon, 89, 105, 108, 109,

114116, 118, 120, 124,

125,
250,
495,
851.

Ceram, 778.

Chambon (F. van), 591.

Chass (P. T.), 612.

Cheribon, 16, 19, 55, 61, 87,
114). 115, 1355,'156,'1359,
169, 226, 248-250, 275,

"504, 514, 527, 458, 459,
458, 551554, 559, 569,
654, 645, 647, 652, 669,
670, 689, 696, 701705,
750, 754, 756.

China, 54, 41, 112117,
119122, 155, 188, 276,
279, 555,
459, 547,
eb

Chinezen, 5,
865294;
102, 125,
180, 190,
259, 264,
553, 3562,
585, 415,
498, 499,
555, 575,
616,

159, 226, 258, 248
555, 590, 465, 482,

9, 15, 28; 69,
9698, 101,
152, 165, 169,
228, 256, 258,
265, 525, 529,
568, 569, 580,
445, 457, 490,
521, 522, 552,
590, 601, 615,

648, 689, 750, 789,

448, 450, 457,
637, 689, 752,

618, 619, 625 627,

845

675, 718, 767, 778, 785,
792794, 799, 818, 826,
856, 857.
Colmond (L. C.), 91, 555.
Colombyn (F.), 26.
Craeyvanger, 290.
Cranssen (W. J.), 580.

Dat (J.), 589.

Day, 194.

Delft, 119, 509.

Denemarken, 279.

Diamant (punt de), 516.

Diestpoort te Batavia,
516, 517.

Djampang, 169, 245.

Djokjokarta, 567 569.

Dckers, 218.

Does (C. van der), 581.

Duinkerken, 279.

Duurkoop (J. A.), 24, 28, 481.

Duyts (M.), 591.

Dwars-in-den-weg, 404.

598,

Edam (eiland), 65, 65, 66,
80, 89, 90, 241, 404, 466,
494, 497, 498, 5357, 591,
601. 727, 720 ATD ATS

Eeckhout (C.), 591.

Embden, 279.

Engel (L.), 591.

Engeland, 25, 27,
187, 256, 275,
537.

Engelhard
588.

157, 158,
286, 426,

(P), 413,

414,
