ZAAK-REGISTER.

503, 504, 587, 599, 600,
657, 658. 759, 973. 974.
Kanon-kogel, 281, 282, 284, 285.
 nier, 439, 499, 654, 797,

970.
Kant (zijden), 137.
Kantoor (hout gevend), 948.

vd generale visite, 25, 402.

:    -onkosten, 962.

Kapas, 318, 328, 349, 041.
 -tuin, 347.

Kaper, 504, 609, 656658.

Kapitaal, 83, 84, 113, 279, 346, 358,
364, 376, 405, 456, 489,
617, 632, 694. 738,

490,
754, 800, 807.
(beleend), 275.

geleend), 729
der armen, 418
1,250101,257,-90, 121,

Kapitein,
329, 369374, 300 384,

497, 501, 519, 522, 529,
590,

535, 536, 584, 585,
601, 602, 612. 613, 831
855, 863. 869, 936, 963,
965 -967, 969 972, 974,
975.

649,

(burger), 40, 126, 257,329.

(inlandsch), 93,
144, 167, 172. 262,
295, 367, 368. 552,
629, 654, 655, 707.
-auditeur, 965, 967.
Chinees, 34, Al,
257, 258, 440, 526,
708, 719, 756. 765,
781, 791, 845, 844,
907, 925, 935.
-kommandeur, 710.
-luitenant, 329, 654,
805, 831,
834, 869,
966. 967,
971.
ingenieur, 118,
            ter zee, 782.
ge  ved  513. 654, 677,
808.

a er

kapmes, Dn  75.

Kapok, 7

Kar en,   135, 136, 468, 483,
165, si9, '859, 937939, A1
944, 951, 954.

Kapper, 940.

UI,
583,
750.
906,

655,

Ml
292,

553,

 Kar, 14, 261, 595.

Karaat, 622. 623, 626.
Karabijn, 964.
Karakter, 369, 832, 979.
Karbouw, 845.
Kardamom, 317, 338, 545, 561, 568.
:   -boom, 347.
:    -tuin, 348.

, Kardoes, 587, 974.
 Karet, 20.
 Karnemelk, 701, 703.

, Kas  Rus

80, 85, 113, 127, 137,
165,  184, 265, 269,
 363365.
, 490, 515,
600. 607.
, 626-628,
 674, 676.
680, 681, 689, 694,
716, 790,       , 823, 904,
919, 920, 943, '948      .
Kaserne, 7, 372.
Kas-houder, 208.
 -ordonnantie, 829.
Kassa-hoek, 365.
Kassier, 275, 423, 650,
963, 966.
vd Am
 ban
357.
,   der kostpenningen, 402, 988,
990.

Kastelein, 2-4, 48, 185, 260, 261,
504, 595, 671, 764, 816-818,
917.

Kastice, 210, 211, 217.

Kastijden, 175, 205, 244.

-ding, 220.

Katel, 8.

275 276,
397, 411,
517, 520,
615, 616,
632656,

731, 840,

rioen societeit, 16.
courant, 51, 122,

 Katholijk, 665.
832,
963,
969,

Katjang-boon, 928.
-koek, 836, 898.
KE  -olij, 69, 482, 847, 877, 888,
Katoen, 235, 303, 306, 313. 328.
401, 475, 542, 564, 566,
576.
-cultuur, 128.
’    -luin, 348.
Kauri, 338.
Kavallerie, 329, 672, 673, 832, 835.
:   (burger), 501.
Kavallerist, 965.
Keeren arr 591, 592, 865.
Keizer, 19, 754
