Japanezen, 562, 566.

Japara, 519,
548, 550, 949.

Jassenbrug te Batavia, 26, 28,
89, 92, 105.

Java, 25, 55, 56,71, 75. 76, 79,
81, 85, 108, 119, 155, 154,
228-250, 255257, 259,
240, 264, 268270, 292,
504, 506, 510515, 516,
523, 3528, 350, 552, 341,
355, 561365, 459 464,
467, 469478, 496, 506,
54l544, 547, 550, 553.
562, 564, 566, 568, 571
574, 597, 604, 650, 686
688, 692, 695, 698, 700,
7015400, 717, SLT BA
757, 758, 760, 761, 794 -
797, 799, 802, 804, 806,
827, 8352, 856, 858, 859,
842, 847, 898, 921, 925,
926, 952, 956, 949.

Java’s Noord Oostkust, 78, 514,

418-658, 720, 751,
797, 925, 992.
 Oostkust, 109.

Javanen, 157, 167, 289, 294,
318, 478, 479, 542, 645,
821, 925, 926, 948.

Jevie (N.), 515.

Jonge (A. S. de), 529.

Jonkers-gracht te Batavia, 55.

Kaap de Goede Hoop, 25, 98.

168, 175, 282, 460, 491 Kanton, 58, 255, 255, 305, E

REGISTER VAN NAMEN.

3521, 549, 539,

495,
665,

518, 525, 647, 655,
670, 695, 700, 726,
751, 769, 775, 785, 847,
852, 860-862, 950, 8
960, 975, 977.
Kadoerang, 958.
Kajorum, 959.
Kalapa-noenggal,
546, 819.
Kali-anjar, 520, 559, 550.
 -bebal, 547.
 -gawe, 519, 559, 546.
 -mati, 548.     3
 -oerang, 547.
Kalitan, 990.
Kali-tjeloeng, 547.
 -woengoe, 519,
547.                  pe
Kambodja, 55, 229, 542, 574,
575.                 d
Kamp (Chinesche) te Batavia,
23, 2628, 35, 105,
104, 129, 187, 327,
375, 387, 526, 889,

291, 295,

559, 546,

917.               5
 (Chinesche) te Sama-
rang, 546.             Er

Kampar, 508, 476, 571.

Kampong-bahroe, 4, 117, 142,

145.              ET

 Bali, 295.      ERE.

    -goesti, 104.

   -krokot, 144.
Kanakan, 548.
Kangean, 550.
