Medicinale winkel te Batavia,

63, 64.
Meester-Cornelis, 88, 115, 118,
164166, 290, 292, 295,
297, 524, 325, 567, 568,
458, 497499, 505, 585,

Ee 707, 835, 854.
Mekka, 140.

Menteng, 290, 567.
Mercurius, 804.
Metscher (C.), 956.
Metzlar (J. C.), 586.
Meyer (J. G.), 515.
Middelburg, 77, 978.

ek      ’      (bolwerk), 648.
Moens (A), 818.
Mohamed, 778, 779.

         Djafar Djenal Baban-
dam, 144, 295, 3546, 756.
E:  Moeara-beres, 142.
 -toea, 547.
Momeri, 937.

Molan, 958.
Molenvliet, 105, 422,
Moll, 685.
Molukken, 992.
Mom (A. C.), 485, 674, 726,
Be 737, 771, 915, 987.

421, 820, 822, 991.

Mooren, 55, 92, 121, 126, 160,
257, 317, 478, 492495,

542, 570, 594, 612, 704,

789, 958.

Moorsche gracht te Batavia,

135, 428.

Mookervaarl, 12, 136, 556,

REGISTER VAN NAMEN.

 Moses (A. N.), 329.
Mossel, 229, 2356, 555.

Nagasaki, 19, 22.
Nahoen Bakti Naia Widjaja, 288.
Nederland, 10, 16, 19, 25, 54,
70, 85, 85, 88, 98, 101,
102, 1357, 175, 184, 226,
227, 254, 262, 264 -268,
271, 276, 279, 282, 500,
501, 337, 342, 353, 354,
358, 559, 5653566, 579,
597, 414, 416, 420, 425
425, 451, 452, 445, 44b,
451, 459, 460, 478, 481,
482, 485, 490, 491, 494,
495, 505, 5O9, 512, 514,
516, 517, 529, 552, 654,
 554, 561, 568, 593, 607,
614617, 620, 627, 628,
6355, 645, 644, 646, 647,
658, 670, 672, 675, 678,
679681, 685, 684, 688,
690692, 699, 709, 714,
716720, 725, 724, 727,
154151, 759, 763, 768,
769, 775, 774, 782784,
791, 800, 801, 822, 859,
848, 851, 852, 864, 865,
868, 869, 897, 900, 915,
927, 950, 951, 954, 958,
 959, 979, 985, 991, 995.
, Negapatnam, 501.
Negotie-pakhuizen (Westzijd-
sche) te Batavia, 411.
, Neira, 691.
