509515, 550, 541, 555.
363, 418, 445, 460, 462.
464, 470477, 505, 507,

REGISTER VAN NAMEN.

508, 562,
572575,
644, 647,
"700, 722,

564, 566, 568,
597, 604, 642
685, 688, 692,
762, 802, 827.

856, 949, 990.

258,
514,
474,
494,
575,
757, 781,
e 847, 852, 915, 924.
Chinezen, 29, 31, 40, 41, 44,
en         59; 65, 69, 92,

265,
554,
475,
542,
577,

504,
469,
478,

471, 472,
482, 492,
564, 567, 571,
609, 724, 725,
791, 792, 846,

189, 251,
294, 517,
560, 562,
455, 464,
479, 492,
554, 546,
594, 599,
612, 658,
695, 696,
724, 725,
780, 781,
792, 804,
844, 846,
907, 922, 925, 925.
951, 982, 985.
(peranakan),

265, 272,
527, 541,
425, 442,
469, 478,
495, 526.
549, 585
601, 609,
654, 665,
704, 719,
756, 758,
784, 791,
815, 821,
899, 901,

178,

China, 40, 58, 82, 255255,
306, 509,

126,145 -147,187-

ld

Gochin-China, 55.

Colmond (C. L.), 121, 415,
497499, 669, 672, 675,
107-,.--108,- 74E, MOR
851.

Golombyn (F.), 956.

Graan (J. J.), 127, 746748,
750.

Creps (L. D.), 62.

Dawan, 959.

Dedali, 551, 755, 951.

Delft (bolwerk), 648.

Demak, 519, 521, 559, 548,
550.

Demit, 958, 959.

Denambo, 144, 292.

Depok, 290.
 -parang-bingoeng, 291.

Dermaga, 750.

Desima, 22.

Diaconie-weeshuis te Batavia,
880.

Diestpoort te Batavia, 2628,
35, 129, 186, 575, 574, 582,
455.

Dilangoe, 550.

Dingin, 958.

Dinggel, 959.

Djalaking, 527.

Djambi, 504, 508, 476, 564,
571, 574,

Djanlapan, 295.

Djapoera, 548.

Djarakan, 26, 28.

 Djati-negara, 145.
