irt

978

Jan-Vermanders-straat, 559,
560, 684.

Japan, 295, 297, 501, 517,
3528, 587, 452, 575,
B57, 858, 857, 941.

dapara, 6f, 199, 296,
654, 657, 717, 959.

Jassenbrug, 172, 522,
885, 907.

Java, 11,72, 90, 111, 126,

127, 135, 140, 160 170,
178, 184, 197, 256, 265,
265, 286, 292, 586, 595,
430, 452, 559, 565, 581,
610-612, 614, 621,
666, 680, 681, 687, 690,
695, 705, 715717,

557,

722, 728, 745, 750, 751,7

802, 810, 855, 854, 858,
868870, 890, 902,
929, 947, 961, 962.
 (Midden), 955
 (Oost), 955.

Java’s Noordkast, 855, 965.
 Noord Oostkust, 60.
 Oostkust, 8,15, 19, 26,
91, 126, 160, 161, 175, 197,
207, 209, 257, 265, 287,
295, 296, 500, 502, 505,
515, 537, 599, 409, 415,
459, 441, 450, 518, 551,
549, 556, 559, 565, 575,
581585, 589, 610, 615,
615, 621, 654, 657, 675,
686, 690, 695, 717, 725,
726, 728, 750, 925.

REGISTER VAN NAMEN.

Javaansche gracht te Batavia,
561.
Javanen, 16, 562, 824, 9354,

957.
’    (Ooster-), 904.
Jedo, 517.
Jonkers-gracht te Batavia, 560.
    straat te Batavia, 561.
Joosje, 842.

Kaaimans-gracht, 560.

Kaap de Goede Hoop, 11, 115,
149, 166, 288, 291, 504,
515, 528, 584, 588, 406,
591, 597, 600, 710, 768,
854, 855, 945.

Kajeli, 519, 520.

Kalangers, 654.

Kali-tandjoeng (tuin), 79.

Kalpeti, 295, 500.

Kambodja, 90, 610, 611, 614.

Kampong bahroe, 825. Zie ook:
Buitenzorg.

Kamp (Chinesche) te Batavia,
59, 160, 280282, 561
565, 3568, 570, 571, 447,
458, 525, 685, 795, 956.

Kampar, 264, 902.

Kananoor, 297, 516.

Kangean, 161.

Kanton, 588, 598, 591, 865,
897.

Karang-Ceram, 91.

Kareek, 10.

Kasimbesar, 295, 296, 501,

516.
