3    Brigadier, Jan. 140, 245. 516, 908,
       , 911, 912, 915, 916.
    Brigantijn  , 30, 756.
E     Brits, 1

Broeder, 906.
Eel   Broek, 86, 338, 339, 460, 461, 468,
Je      514, Do 658, 659, 735, 740, 953.
men     Broeijing, 3
    Brood, 179, 471, 847.
,     : -bakkerij, 792, 793.
 -dronken, 118.
 -kamer, 406.
Bros-vijl, 475.
Brouillerie, 134.
Brug, 322, 323, 493, 494, 510, 566
585, 651, 850, 856, 874,
883,  901,  972.
Brataliseren, 236, 244, 477.
Be   Brutaliteit, 53, 126, 385, 416.
Es   Bruto, 43, 44, 405, 406, 564 566.
Re     Buffel, or 354, 356358, 567, 570,
9, 818, 820, 878, 880.
:   Adha    359.
j         -kar,   7, 570, 571, 818, 820.
Ja    ,  -kraal, 791.
8    Buikloop, 153, 786, 787
8    Buiten-armen, 130, 793, 795, 796.
je fort, 111.
ne      :  -goed, 834.
ee     :  -kantor, 5, 10, 11, 25, 43,
4850, 5456, 62-64,  67,
8186, 94, 97, 100, 103, 104,
113, 124, 125, 128, 129, 133,
ie         136, 138, 139, 141, 154, 155,
del          184, 189, 202, 203, 205, 209,
5           246, 250, 260, 261, 269, 271,
278, 279, 283, 286, 290, 291,
293, 298,
308, 310, 311, 313, 320, 379,
Es        389, 393, 430, 432, 436, 440,
BER       443, 459, 462, 464, 470, 515,

8          523-526, 538, 544. 547, 549,
Ei          551, 554565, 573, 577,
ad           583, 592, 593, 595, 597, 600.

re          652, 653, 667, 669, 671, 672,
677, 679, 680, 691. 692, 695,
696, 703, 716, 719721, 734,
744, 748, 755, 757, 759, lie,
772, 773, 800, 812, 853. 86
870, 872, 880, 943, 947, 908:

:   t, 58, 59, 67, 68, 166,

245, 246, 353, 457460, 465,

4     , ha Ben. 511, 551, 601,

302, 304, 305, 307,

RE de Ed

Vet ret vin le and oh rn

ZAAK-REGISTER.

Buiten-reede, 410, 418, 422.
:  na 286. 537, 623626,
pr 660, 661, 663, 784,
839, 949
-stap, 95, 320.
 -wacht, 459, 463, 466-468.
Bakken (zich), 492.
Burger, 5, 18, 54, 57, 122, 183,
264, 266, 267, 370, 384,
421, 450, 586, 609, 613,
614, 617, 621, 624, 640,
679, ng 714, 717, 722,
788,        889,

907,

916, 917, 921, 969, 970.
:   (inlandsch)), 914. 948.
collegiant, 907,
 kapitein, 545.
 ruiter, 326, 370.
 vaart, 45.
-wacht (inlandsche), 281,

j1.
Burgerij, 29. 32. 40, 835. 838, 848.

inlandsche), 911.
Burgw’ al,  Gas 108

Bus, 362, 988-940.
Buskruit, 9, 397, 405. 595, 600,
601, 613, 671. e

’     -rekening, 399.
Busschieter, 307, 964.
Buur, 369, 371, 584, 646, 906.
Bijbel-woord, 146.
Bijgebouw, 33, 966.
Bijgeloovig, 843.
Bijl 511, 849
Bijlaag, 270.
Bijstand, 7.
Bijwonen hee rol), 957.
Bij-zeil, 3

Cachet, 282, 371, 940.
 volant, 763.
Cachetteren, 662.

-Calange, 13, 32, 35, 52, 59, 108,

54, 259, 284, 319, 355, 369,
384, 421, 426, 440, 441, 450,
778, 820, 909, 911, 918, 919.
Calmus, 953.
Kirin des armes, 309, 455, 473.
474.

Cardamon, 581, 582, 877.
Carga, 406.
Cargasoen-kist, 117.
Cartel,    9

Cassatie, 385, 436.
Casserol, 511.
