Ee    1050

ik    Secretarie van den Raad van justitie,

Beetetinis; 100, 373. 593,
646.

.
E   Secunde.

.                           ZAAK-REGISTER.

-

: Sche nen, 956.
   594. 620,

Bank-courant. 838.
Boedelmeesteren. 41, 47,

Separeren (leprozen). 625.

, Seponeren in Comp' geldkas, 641.

 Sequester., 66. 106, 112114, 172,
528, 652, 667669. 734, 945.

( Sequestratie- rekening, 669.
Srang. 365.

Sergeant. 40. 169. 180. 226229,

167, 168, 535, 580, 581,

604, 623, 656. 805, 837.
839.

commissarissen huwelijk-

sche en kleine zaken, 447,
656.
Heemraden, 116, 188,
324327, 340, 341, 573,
580, 651, 656, 819, 821,
838, 856, 879, 920.
Hooge Reeering, 191, 204,
245, 248, 297, 352, 376,
377, 424, 585, 651, 819,
in 909, 911, 1517.
(1e) Hooge Regering, 114.
van justitie, 84, 106, 114,

152, 154, 298301.

 politie, 198. 271
293 297, 300, 303, 314
317. 657, 870.

Raad van justitie. 137,
142145, 180, 187, 2
222, 516, 596, 604,
655. 696. 697. 806.
837. 861, 862.

Schepenen. 83, 89,
137, 188, 535, 623,
655, 793, 826. 837,
879, 906, 918.

van staat, 434, 435.
Weesmeesteren, 154, 188,

639. 656, 831, 832, 837,

838.

van zee- en commercie

Blen: 303.
Secreteren, 440, 758.
Secretesse. 758, 808.

20. 292, 203, 295297,

E23    301, 302, 315, 317. 761.
4    Securiteit, 123.

Sein. 413, 414, 950.
 brief, 381.
 -schot. 436

Selderij. 476.

5 Sententie, 145. 171, 172, 344, 347,
k       393, 596.

(civile), 805, 806.
interlocutoir. 807.

231 235, 237, 239 244,
308, 447, 448, 455 460,
463,47 1473,477, 485
488, 490 493, 497 499,
501. 502, 509, 689, 714,
800. 801, 908, 909, 955.

964.
-kleren-bewaarder,
470

473475.

Servet, 179.
Servituut. 654, 876, 966.
Sessie, 641.

hebben, 373. 375.
Sexe, 625.
Signaal. 505. 507.
Signatuur, 785
Silentium (eeuwig). 668.
Singel, 112, 323.

van de ordre-week,

 wacht, 496.

466,
462,

Sjahbandar. 5. 6. 27, 28. 3235,

5  39, 80. 161. 170. 174176, 178,

182, 183, 185, 193. 196, 206, 246,
248, 285, 317, 320, 328, 383, 419,
438, 440, 442, 450, 589, 602, 611,
618, 655, 670. 675677, 689, 690,
694, 702, 714, 717, 733. 749, 751,
756, 759, 764, 781, 800. 814, 836,
 847, 857, 858. 864. 896, 917, 942.
Sjahbandarij. 64. 265. 614. 676, 749,

764, 779, 780, 853. 960.
 Sjees. 325, 819. 899.

 Slaaf. 6, 11, 27, 37. 54. 64, 68, 80,

121, 130, 136, 189, 196, 228,
264, 277, 291. 292, 320. 383.
384, 443. 446, 538, 540, 550
552, 619, 620, 628, 629. 647.
648. 670. 672, 673, 684, 717.
728, 736. 737, 740, 741, 752,
753, 767, 768, 775. 779. 782.
794, 796, 819, 832, 900, 920
922, 952.

Comps), 694, 695.
gemancipeerde). 286.
vrijgegeven) 83, 793, 794.
zieke), Nt)

ia,   126, 454
