REGISTER VAN NAMEN.                       981

Modder-baai (Zuider), 587, 588.

Moeara-boengin, 801.

Mohamad Abdoe’l Chatib, 816.

Molenvliet, 117, 175, 522,
323, 361, 556, 557, 881,
907.

Molukken (de), 585.

Mookervaart, 572, 817.

Mooren, 25, 167-169, 264,
564, 365, 684, 867, 882,
904, 951, 952.

Mossel (J.), 855, 846.

Nagasaki, 587.

Nassau (punt), 560.

Nederland, 2, 10, 22, 55, 54,
60, 65, 67, 79, 85, 105,
110, 113, 120;-122,158
140, 148, 155, 187, 190,
194, 203, 217, 221, 255,
262, 268, 275, 276, 285,
287, 3502, 307; 375, 579,
583, 3584, 389, 394, 3595,
598, 401404, 407410,
415, 455, 457, 459461,
465, 468, 485, 518, 526,
528, 529, 5359, 545, 547,
552, 566, 574, 581, 582,
590595, 597600, 602,
652, 662, 666670, 689,
692, 698, 705, 714,.721,
744, 748, 761, 757, 7167,
787, 789, 798, 808, 810,
812, 815, 815, 865, 875,
877, 889, 890-892, 945,
947, 952, 955.

Negapatnam, 20, 295, 295

id

299, 505, 515, 408, 525, -

745, 942.

Ae tiesakhnisn (Westzijd-
sche), 689, 690, 715, 714,
725, 727,-132,-775, 176.

Neira, 150.
Nieuw-poort te Batavia, 252,
235, 239, 240,
245, 244, 281,
561, 455457,
495, 500, 501,
884.

 straat, 560, 495.

Nimpho, 865.

Noordwijk, 175, 458, 855,

907.
Nijvenheim (E. J. van), 962.

Oeloe-djami, 959.

Oerien 298.

Ommelanden (Bataviasclie), 57,
972.

Ondaatje (P. G. J.), 775.

Onrust, 14, 52, 67, 68, 147,
189, 191, 192, 194, 195,
401, 402, 415, 414, 455,
529, 550, 565, 625, 650,
656, 705, 788, 805, 812,
837, 845, 859, 904, 955.

Ooster-cingel van Batavia, 901.

Oosthoek van Java, 810.

Oranje (Erf-prinses van), 717.
 (punt), 560.

Ossenberch (van), 605.

Overijssel (punt), 561,
