when ve:
183, 185, 251, 255, 266, 723, 727, 767, 775, 77
352, 411, 412, 415, 438, 805, 854, 855, 89
450, 517, 567, 558, 587, 950, 947.        ge
609, 610, 644, 677, 690, Celebes, 265, 266, 586, 6
814, 895-896.       615,
Boom te Samarang, 79.        Cheribon, 1, 11, 15, 19, 59, 4
Borneo, 265, 265, 266, 586,
519, 520, 611, 613.

140, 160, 161, 175, 178,

Botteliers-weg, 175, 907.     182, 197, 199, 207, 267,
Bovenlanden (Bataviasche), 125,   265, 265, 266, 292, 30.
155.         354, 415, 450, 452, 450,
(Jakatrasche), 40, 545, 546, 549, 565, 57
91, 202, 272, 440, 698,   589, 610614, 646, 65
700, 750, 954.           658, 690, 695, 697, 698,
Braat (C.), 682.          715, 722, 726, 728, 750,
Braband, 212.               751, 802, 962.      ek
Brootchia, 296, 301, 316.    China, 28, 29, 90, 150, 132,
Brouwer (T.), 970.            142, 149, 259, 264, 265,
Buiten-Nieuwpoort-straat, 561, 518, 587, 590, 400, 403,

562.               406, 408, 452, 461, 2
 -Portugesche kerk, 682. 591, 615, 614, 687, 69
 -tijgers-gracht, 850.     695, 694, 728, 857, 892

Buitenzorg, 3555, 458, 855,  950, 947.
8354. Zie ook: Kampong  Chinesche gracht, 561.
EN                Chinezen, 16, 53, 58, 59, 90,
Burggraaf (S), 717.    92, 111, 125, 131, 152,
166, 168, 169, 182, 184,
Calcutta, 153.           186, 281, 282, 518, 527,
Cau, 212.              357, 541, 564, 566, 57
Geilon, 48, 122, 159, 148, 185,   371, 585, 447, 470, 52
293, 295, 299, 302, 305, 522, 555, 558, 560, 576
306, 311-513, 316, 335, 578-580, 621, 647, 648,
585, 388, 392, 598, 400, 694, 735, 758, 740, 769
404, 406, 444, 461, 525, 772, 779, 788, 841, 84
531, 566, 591, 595, 670, 867, 894, 895, 905, 920.
675, 690, 695, 712, 717, 922, 966969.
