: vaartuig. 307.
Lorrendraaijer, 134.

os-hoot, 175, 589.

 -branden, 798.

 -briefje, 337, 558.

EVT

 53. 125, 129, 250, 337, 380,
3 406, 411, ai, 573, 579, 844.
Bet (pand), 638

Kiten) ereinetie, 9. 155 157, 254, 307,
Rn;  335385,  352, 397, 405, 4IL,

 pace 482. 483.

Luiden (klok), 111.

Luiheid, 124, 196, 757739.
Luik (groot), 398.

Luitenant, 246, 313, 314, 425, 454,
2, 473, 582, 652, 838,

(2ie), 44.

Ce   admiraal, 372, 379, 975,
423, 426429.
Er   -lessave, 293.
.    -ingenieur, 838.
-kolonel, 140, 245, 246,

308, 315, 455, 472, 835, 908, 910.

130, 131, 189, 341, 342,
347, 383. 551, 584, 619,

584, 620, 734, 767, 900

ZAAK-REGISTER.

). 619. 880.
 96, 306, 307, 313, 387.

881, 885, 908-912, 917,
964

,     ter zee, 312.

:   (Chineesch), 202, 318,
363, 366, 520, 777779,
842, 946. 948.

620. 628, 629, 647, 648,
670, 673, 737, 752, 753,
766, 900, 901, 920, 922.

Comps), 70, 364, 365.
heer, 6 84. Ee 131, 136, 342,

Lijfstraf, 11, 271, 404. 625, 679.
N Wied 84, 121, 584, 620, 767,

 -waarde, 6.
 -wacht. 457, 473, 503, 784, 825,
835839.
Lijk, 427, 428, 466, 467, 658, 665,
694, 774, 775, 826830, 904,
908  913, 915, 921.
 -drager, 457, 466, 467, 915,

 -kamer, 918.
 -kist, 831, 909911, 913.
 -koets, 913, 914, 917, 918.
 -slatie, 428, 904, 912, 919.
 -wagen, 466, 831.
 verhuurder, 172, 175.
la: 475.

Lijn, 361.
 -baan, 110.
Lijns (binnen’s), 173.
Lijnwaad, 10, 46, 67, 128, 137, 173,
174, 176, 184, 186. 206,
251, 252, 263, 264, 267,
270, 279, 290, 407, 419,
443, 539, 548, 550, 558,
559, 590, 612, 613, 670,
674, 675, 687-689, 702,
703. 705. 706, 710 715,
725, 765, 775777, 779,
796, 860, 861, 896, 897,
929, 942, 953.
’   -handel, 687, 721, 797.
’     handelaar, 725, 776.
:     -sorteerder, 838.
Lijst, 108, 394, 919.
 -werk, 899.

Lijwaats-klep, 460.
Lijwatier, 300.
Maag, 370.
: "schap, 542.
Widor 514, 797.
Maaltijd, 37, 202, 256, 244, 477.
Maan (nieuwe),           3
Maand,

 ceel, 873.
Maanden (baarsche), 141, 462, 468,

86, 465, 464, 468,
469,  695, 8

Maandgeld, bi 71, 172, 302, 330.
82, 385, rt 677, 680, 748,

850, 851,   N
Maat, 1, 14, 17, 60, 867.

(goede),
