ZAAK-REGISTER,

821, 893-895, 957, 958, ICI,
966.

Pachteonditin. 78. 81. 174, 182.
320. 587, 609. 822, 855. 857, 864,
865, 896, 897. 959, 960: 961. 969.

Pachter. 16. 36, 64, 78. 79. 89, 90,
92. 93. 174. 183. 185, 251, 255,
256. 259, 321. 328, 335338.
352. 415, 419, 420, 442, 450,
517, 521, 557559. 564, 570
573, 578. 587, 609, 610, 644,
677. 688600. 712. 714, 727,
728, 762. 779, 814, 817821.
859. 857. 864. 872, 893897,
942, 946, 947, 959962, 969.

Pacht-penningen. 285, 779, 821, 872,

895. 896. 967. 969, 970.
 schat. 578, 960.
tijd, 961.

 -voorwaarden. 118, 557, 725,
778.
 vrij, 586, 618.
Padi, 1, 169. 521, 750, 751. 929, 947.

Pagger, 601.
Pak. 190. 174.
Paket, 663, 765.
Pakhuis. 32, 33. 38, 228, 540.751.
"752, 844, 847, 858, 897.
’    (Comps). 18, 71, 254, 285.
337, 344. 557, 606, 669.
740. 775. 795, 812.
5    -huur. 31, 35, 617, 739.
    -meester. 17, 198, 293.
995-297, 299 302. 315
317. 565, 646, 647, 657,
837. 845. 870.
’    opziener. 208.
Pan, 250. 1: , 547. 741, 930.
Pand. 637, 638. 640.
 (los), 345.
 -bewaarder, 637, 640.
Pandeling. 962.
Paneel, 108, 919.
Pannen-dak, 92.
Pantjalang. 955.
Pap. 786.        ter
Papier, 633, 634, 746, 916, 928, 929.
 (groot formaat), 203.
.    (ongezegeld), 900.
Papieren (Comps). 381, 393, 397,
407, 688, 712. 947.
      (instructive), 82, 397, 526.
,    (secretarile), 82.
Parade, 480.
-plaats, 457, 479, 480, 495,

1021

487-489. 491, 494, 495, 503,
506--508.

Parade-reglement. 480.

Parapheerder. 581.

Parkallen. 549. 558. 559.
674, 687, 711, 726, 729.

Parochie. 534.

Parool. 176. 226. 234, 235. 242,
243. 481, 493, 498, 500-503.
507, 509, 511.

Partieipant. 204, 345, 634, 636, 642.

Participeren, 628.

Particulier, 10, 38, 54, 64. 71-73.
78, 99, 101, 114, 249, 259, 283,
284, 321. 351. 432, 520, 549,
550. 558. 566, 568, 577. 602,
6035. 621. 642, 666. 670. 677.
681, 689, 695, 710, 713, 730.
732, 795. 797, 857, 891, 942,

Partij, 209, 210, 214, 218.
alvers, 616.

 (litigerende), 538.

Pas, 10, 161, 257, 264, 265, 353,
355, 356, 386. 422, 430, 438.
519522, 557, 613615. 693,
713. 716, 717, 728, 732, 749,
852, 854. 859. 889, 902, 923.

 (Turksehe). 638.
 (valsche), 95.
Passage, 681.
 geld, 651, 817, 819, 820.

Passagier. 3133, 57, 144, 267,
423425; 569, 570, 732, 817
819, 847.

Passant, 567. 571, 573. 820.

Pasar, 261, 791.
 -lag. 820.

Paspoort, 111.

Passeren, 282. 820, 823, 885.

Patatters, 476.

Pathoolen, 688.

     (zijden), 267, 613.

Patint. 67, 649, 658, 659, 665.
737, 950. :

Patroon-tasch, 229, 237, 474.

.    -maker. 539.

Patrouille, 228, 232, 234, 235, UI

2483. 470. 471, 500-502.
:     (Chinesche). 448.
:     -loadje, 500. 501.

Patrouilleren. 282. 374.

Pausdom. 542. 681.

Pave, 821, 914,

Pavement, 13, 18. 19, 762,

Pedak, 323, 584.

590.

