REGISTER VAN NAMEN,

Boeton, 335, 550.

Boeijen (Comp", te Bat, 594,

528.

Boni, 255.

Boom (de) te Bat. 5, 8, 16,
28, 45, 99, 181, 247, 250,
267, 270, 455, 467, 486,
555.

Bovenlanden (Bat), 525, 491. k
’     (Jakatrasche), 175,
180, 198, 256, 274,

295, 5365,584, 454,
449, 505.
’     Krawangsche), 180.
(Preanger), 449, 491,
505.
Braband, 69.
Brebes, 4.
Brommer (F.), 88.
Brossaert Jacz (N.), 552.
Brug (H. van der), 221.
Buiten-kerk (Port.) te Bat, 409.
Buitenzorg, 95, 269.

Ceilon, 85, 85, 145, 148, 207,
310, 508, 511. 512, 529.

Celebes, 490, 519.

Cheribon, 10,
135, 159,
246, 261,
519, 348, 584, 588, 589,
454, 448, 449,485, 505, 595.

China, 14, 15, 98, 197, 285,
284, 306, 347, 595, 595,

465, 475, 476, 524, 559,

540, 54l.

15, 20, 30, 74,
194, 220, 225,
274, 280, 288,

597

 Chinezen, 5, 4, 9, 12, 14, 15,
20, 29, 50, 355, 54, 42,
46, 59, 60, 69, 95, 96,
97, 119, 128, 146, 149,
155, 154, 160, 168, 184,
197, 202, 218, 220, 224,
226, 254, 258, 242, 251,
252, 267, 272, 285, 289,
500, 505, 508, 555, 551.
595, 428 450, 449,
458, 481, 487, 501, 510,
511, 515, 514, 518, 520
 522, 526, 527, 529,
534 - 556, 558, 546,
547, 577 - 580, 586,
587.

   (geschoren), 10.

’    (getrouwde), 272.

’    (gewonde), 184.

 Cloon (D. van), 325.

Colombo, 84.

Cooper (J.), 50.

Crul (N.), 577, 578.

Deenen, 415.
Delft, 176.

 (punt), 492.
Denemarken, 205, 506, 451.
Diamant (bolwerk), 176.
Diest (punt), 495.        N
Diestpoort, 457, 458, 495, 554.
Djampang, 66, 95, 196.
 Djati-negara, 174.

Djohor, 516.    -
Dordrecht, 154, 576, 582.
Douglas (A.) de Jonge, 147.

