726

Celebes, 139, 176, 273, 375,
478, 505.
Cheribon, 106, 215, 216, 515,
520, 525, 556, 559, 342,
357, 572, 575, 400, 454,
452, 474, 478, 608, 609,
658, 674, 678680,
694, 701,711,715, 716,
719.
    (Sultan), 572.
China, 18, 59, 64, 114, 115,
144, 149, 156, 190, 198,
215, 216, 258, 523, 3529,
3555, 476, 494, 500, 507,
508, 610, 647, 662, 665,
678, 679, 692, 697, 708.
Chinezen, 11, 18, 64, 65, 75,
76, 87, 97, 99, 110, 112
114, 119, 126, 145, 146,
148150, 175, 177, 190,
212, 214, 226, 256, 257,
270, 272, 507,:515, 316.
556, 556, 426, 470, 475,
485, 497, 542, 579, 591,
595, 595, 610, 611, 678,
688, 705, 704, 709.
Cloot (weduwe), 596.
Colomho, 457, 655, 716.
Cool (J.), 299.
Cranendonk (J.), 299.
Crul, 555.
Cunes (majoor), 555.
Delft (punt), 641.
Demak, 125, 442, 445, 519,
522, 524, 589,

REGISTER VAN NAMEN.

Denemarken, 254.

Desima, 559.

Diamant (punt), 559.

Diest-poort, 554, 575, 576,
461, 556, 540, 541, 568,
595, 620, 640, 645.

Djaga-soera, 442.

Djambi, 156.

Djati negara, 419, 421, 428,
455.

Djipan, 447.

Djoeana, 125, 442, 445, 445,
519, 524.

Djoepandang, 478.

Dregterland, 455.

Dubois de Chaillou, 72.

Edam (eil.), 51, 45, 44, 557,
518, 624.

Engeland, 166, 500, 609.

Engelschen, 166, 525, 617.

Enkhuizen (bolwerk), 641.

Equipage-pakhuizen te Bat,

552, 718.
 werf te Bat, 30.34
56,73, 135, 512, 579, 591
595, 416, 455, 558, 565.

Espar (P. d’), 625.

Europa, 66, 79. 85, 101, 155,
181, 260, 524, 415, 555,
562, 609, 654.

Europeanen, 82, 106, 161, 179,

557, 405, 485,

500, 525, 526,

528, 557, 640.
     (vreeinde), 115.
