822

Bakti, 816.
Bali, 7, 560, 450, 697.
Balinezen, 256, 464.
Banda, 26,
80, 82, 84, 86, 89, 90, 96,
247, 221,
556, 559,
528, 529,

560, 585, 450,

590, 592, 685,
685, 774, 775, 799, 809.

Bandjermasin, 55, 70, 75, 75,
78, 81, 84, 86, 88, 91,
101, 178, 179, 200, 255,
2712, 295, 557, 541, 560,
576, 450, 510, 550, 685,
694, 810.

Bandoeng, 265, 264, 290, 605.

Bangkalang, 47.

Banka, 66, 258, 559,
582.

Bantam, 55, 61, 62, 75,
81, 84, 86, 88, 90,
143, 144, 145, 152,
175, 179, 186, 200,
288, 295, 552, 560,
576, 392, 425, 450,
550, 565, 592, 595,
617, 674, 685, 701,
771.

Bantar-djati, 815.

Baros, 102, 214,
528, 554.

Bastiaanse (G. C),

Batang, 151, 171,

Batir, 817.

Batoe Hollanda, 97.

Bauna, 815.

580,

di,
150,
174,
248,
569,
515,
605,
756,

 526,

51, 75, 74, 76,

226, 295, 337,

REGISTER VAN NAMEN.

Bawean, 450.
Bekasi, 656.
Bengalen, 27, 29, 50, 75, 81,

84-86, 89, 91, 94, 108,
156;'-133;7 177,-212,-233;
257, 258, 266, 267, 282,
559, 546, 558, 560, 561,
566568, 571, 415, 422,
 450, 515, 550, ,552, 556,

620, 652, 656, 669671,
4695 111,17, ASZ 184:

Benkoelen, 612, 618.

Biliton, 559, 582.

Bima, 7, 151, 560.

Binkhorst, 592,

Binnen-hospitaal te Batavia,
180, 181, 184, 188, 425,
492,

Bodjong-sari, 817.

Boeang, 814.

Boeginezen, 525, 526.

Boejoeng-nangka, 814,

Boeroe, 95.

Boeton, 7, 559, 560, 580.

Bojolali, 41.

Boka, 815.

Bombay, 419.

Boni, 259, 559, 756.

Boom te. Batavia, 142, 155,
225, 245, 245248, 446,
448, 475, 599, 611, 672,
690 -694, 696, 699, 700,
7102704, 716.

, Booms (H.), 511, 572.

, Boppius (S.), 12.

Born (J.F. van der), 505.

