REGISTER VAN NAMEN.

Hospitaal (Chin.), 149, 150,
160, 244, 416, 427,
454, 445, 465, 568,
610.
    (Comp) te Batavia,
158, 587.
    (Moorsch) te Bata-
via, 185, 189, 781.
       -kerk te Batavia, 11,
498.
   straat te Batavia,
498.
Hougly, 108.
Houtingh (N.), 546, 551, 762,
805.

Imhoff (G. W. van), 675.
Indianen, 549.

Indihiang, 262, 265.
Indragiri, 259, 261, 559.

Indramajoe, 57, 105, 262

265, 455, 454.
Indrapoera, 214.
Ingerssen, 105, 265.
Ita, 455.

825

Java, 9, 25, 26, 55; 55; 49,
55, 54, 57, 75, 75; 77,
80, 81, 84, 8688, 90,
110115; 145145, 150;
170, 171, 174, 175, 186,
200, 245, 247249, 258
261, 272,-288, 295, 297,
520, 5351, 540, 3559, 560,
563, 576; 380; "4177, 425,
450, 450, 451, 455, 472,
475, 475, 476, 509, 515,
526, 549, 595, 594, 601,
605, 611, 612, 615617,
658, 676, 685, 705, 756,
761, 768, 809.

Java’s N. 0. kust, 55, 171,

192, 552; 569, 591,
526, 590, 680, 702.
 Oostkust, 26, 27, 100,

115, 145, 685, 687,
Ut 7763
Javanen, 56, 179, 256, 450,
464, 576.

Josephe (S.), 504, 505.

Kaaiman-straat te Batavia, 725.

Jakatra, 155, 205, 254, 244, , Kaap de Goede Hoop, 75, 81,

288, 448, 598.
   (post), 492, 656.
Jakatrasche weg, 715, 716
Japan, 55, 75, 91, 175, 225,
296, 502, 519, 551, 557

408, 415, 425, 427, 555,
806.
Japara. 54, 45, 44, 56, 101,

151, 172, 452; 526.

84, 86, 89, 91, 120, 142,
549, 586, 427, 445, 670,
671, 685, 700.
Kalangers, 56, 545.
Kajeli, 560.
Kalapa-noenggal, 241.
Kali-anjar, 452.
 -gawe, 452.
 -oerang, 452.
