REGISTER

Borneo, 7, 559, 580, 581.
Botjong-ringin, 815.

Bovenlanden (Bataviasche), 248.

 (Jakatrasche), 127,
178,
660, 755.

Brahan, 452.

Brebes, 455.

Brouwer (Ds), 10.
Buiten-hospitaal te Batavia,

365, 475, 589, 602,

182, 184, 189, 556, 491,

492, 505, 544,
Buitenzorg, 5, 290, 606.

Camphuys, 818.

Javallier (A. D.), 169.

Geilon,-27, 29, 75, 80, 81,
84, 86, 87, 89, 91, 92,
156, 177,       540,
547, 415,       505,
550, 552,       At,
147, 1870

Celebes, 259, 260, :
580.

Ceram, 799.

Cheribon, 5, 55, 57, 68, 75,
78, 81, 85, 84, 86, 88, 90,
105, 110, 115, 115,-130,
145 145, 151, 157, 175
175, 200, 221, 247,
259, 262265, 272,
295,     521, 552,
559, 3560, 3562, 569,
591,     450, 453,
472,     415,0515,
565,   1595,:605,

255,
445, 450,
670,

560,

537,
516,

550,

258,
288,

454,

616, ,

VAN NAMEN,                    825
617, 670, 676, 685, 686,
702, 721, 756, 771,-809.

China, 27, 74, 86, 116, 150,

 156, 217, 257, 272, 296,
551, 560, 581; 4t4sr415,
416, 427, 454, 442, 445,
450, 470, 471, 485, 599,
655655, 695, 694, 774,
792,

 Chinezen, 70, 116, 117, 149,

150, 155, 154, 186,
190, 256, 244, 299,
409, 410, 414, 416,
417, 452, 455, 456,
451, 455, 454, 461,
465, 464, 469, 552,
569, 579, 610, 618,
619, 709, 717, 718,
7155, 785, 810.
   (peranakan), 556,
562.

Glaasing (H.), 427.
Cochin-China, 175, 272.
Compte (le), 485.
Coortsen (H.), 504.

Daripa, S14.
Deenen, 759.
Deka, 451.

Delft (punt), 725.
Demak, 56, 101, 172, 452.

Denambo, 588.

Diamant (fort de), 62.
Diestpoort te Batavia, 244,
Disscher (H. L.), 447.

Djagoena, 815.
