1144

570, 588, 600, 763, 833, 837,
868. 899, 900, 1010, 1028, 1060.
Termijn (kort), 326
:    van pot 258.
Territoir (Game)
Terugreis, 37,

965.
Testament, 41, 479, 484, 488, 510,
540, 547.

 -teur, 480, 481, 486.
' strice, 481, 486.
Testeren, 66, 540, en 553.
Tevr edenheid,
Thauwe, 624.
Thee. 160, 403, 624, 670, 671, 715,
794, 874, 938, 1021, 1026,

1072.
 -rekest, 201203.

Tienden, 564, 643.

Timmerage, 105, 108, 109, 115,
215,
858, 903

Timmerjongen, 219.

 -loots, 219.

149, 177, 216, 303,

314, 378, 390, 391,

gl 550, 620, 825,

 -man,

.    .

Tin, 109, 244, 289, 329, 459, 671,
672, 677, 746, 807, 990.
:  Ee 929.
Tinnegieter, 216
Titel, 115, 174, 563, 904, 1078.
Tiu, 716.
KE 47, 333, 877, 878, 890,

Tjap, 632. 712, 809, 832, 922, 923.
atjah, 296.
ioko, 725, 726, 737.
Tjoeke, 919.
Tjoetak, 441, 568, 569, 901.
Ln, 509, 675, 807-811,

Toeak, 649, 693, 694.
Toegang, 772
Toekang-tali, 669.
Toelage, 122, 144, 179, 210,
294, "296, 298, 303, 315, :
390. 393, 394. 399, 452,

837,

23, 627, 823825, 829,

545, 745, 827, 897, 903, 908,

942.
Toemenggoeng, 350, 768, 884.
Toenaam, 537, 539, 540.
Toeschouwer, 733, 734.

ZAAK-REGISTER,

Toespijs, 61, 216.
Toetellen (keitinggangers) 826.
Toeval, 118, 640.

 Toevoer. 215, 885.

Toeweging. 40.

Tol, 36, 1, 98, 134, 158, 601,
603605, 607, 610, 611, 613,
617-620, 636-644, 665, 666,
704707, 915. 1006, 1028,
1050, 1071, 1072.

 -boom, 135.

 -briefje, Ee

 -brug, 134, 1

’ helling, bod Bi. 915, 1078.
 vrij, 610, 611, 706, 1078.
 -letje, 664.

Tom, 565, 566.

Toneel-s

Top, 776, 781.

 -baan, 454, 585, 586, 657659,

661, 663, 664, 678,    685,

686, 688, 690, 691, 713-716,

an 721, 723725, 737,

Topeng-speler, 716, 717.

, Tophuis, 657-659, 686, 688, 918.
(Chineesch), 55, 98,

 -kit, 218.
 -pen, 657, 658, 660664, 685,
 689-693, 737, 919, 971,

976.

 -tafel, 331, 454, 455, 457, 656,
659661, 663, 688, 691, 719,
729, 918, 919, 976.

 -warong, 659, 660, 688.

Tortureren, 572.

Tortuur, 573.

Tourbeurt, 359.

Touw, 150, 809, 943.
 verkooper, 669.

, Traagheid, 441.

Traan, 22.
Tractaat, 51, 129131, 143.

Tractement, 69, 81, 83, 8587, 95,

96, 115, 121-123, 144, 170, 171,

175, 177-179, 185, 187190,

192, 193, le 202207,

a   h

373, 377, 378, 387, 388, 392
396. 307, 399, 402, 442,
, 451, 452, 455, 457, 509,
515-520, 522, 525, 528,
530, 531, 534537, 542546,
548-551, 553, 562, 573, 5093,
