1132
661, 663, 665--682, 684689,
691, 693-698, 703. 704. 706

712, 715, 716, 718725,
. 728, 730, 734, 742, 764,
781, 787, 789. 814-817,
 832, 914-918, 920-923,
934. 935. 942, 984. 985. 1001.
1029, 1036, 1049, 1050. 1070
1073, 10751077.
Pachteres. 348, 349.
Een eld, 670. 672.
-huisje. 628.
 penningen, 158, 336, 457, 598
601, 673. 1029.
- sawang, 620
 schat. 330, 776, 781, 1073.
 termijn.
 -tijd, 618, 673, 920, 922.
 -voorwaarde.

976, 1070, 1075, 1078.

. vrij, 336, 635, 789, 790, 915,

984.
Padi 339, 341. 455, 564,
778, 781, 785
Pagar, 710, 804,
Pagina, 368.
Pak, 619, 672.
Paket, 21, 247, 248. 983.
-boot, 379.
Pakhuis. 3. 30, 80, 82, 101, 102,
171, 220, 222, 301, 302,
343-345, 398, 500, 501.
504, 567. 821. 823, 905,
906, 1046.    '
ep, 53, 90. 154, 279,
2, 388, 402. 453, 458,
743, 755, 917, 1054, 1059,
1060.
,    -hediende, 38
.    -behoeften, 300.
.    -hoek. 311.
boekhouder, 210. 311.312.
-huur. 512, 790, 1037,
1039.
-knecht, 759, 762.
lg   -meester, 292, 295, 297,
301-304, 401, 641, 907.
Pamadatan. 651.
Pan, 404, 621, 622. 626.
Pand. 72, 267.
(in) nemen, 226.
siewaander,  102.
schap. 268.
2    geld, 227.
Pandeling, 225227

717. 777.

597, 861, 971,

ZAAK-REGISTER.

Pandjar, 810.

, Panembahan, 476.

Pangeran, 476.
Pantjalang. 812.
Papier, 23, 110, 111, 201, 202,
230, 267, 310. 311, 318,
365, 716. 717.
(gezegeld), 736.
,  van credit, 60, 74, 77,
79. 87, 91. 93, 99, 134, 145,
180, 200. 210, 250, 274, 279,
287, 382. 388, 389, 545, 546,
598, 763. 816, 925. 938, 963,
968, 1026. 1062, 1075, 1080,
1081.
Papieren, 5.
:   (Comp), 937.
Parade, 406, 801. 802.
 plaats, 802.

 Parapheer-geld, 184, 185.

Pardon, 973. 974, 1008.
Pareren (orders), 773.
Participant, 43, 162.
. peren. 187, 189. 192, 194,
200, 236, 412, 718.
Particulier, 37, 38, 48, 49, 54,
90. 98. 110, 127, 176, 177, r.
189, 190, 192, 193, 195, 203,
232. 233. 248. 207, 316, 318,
366. 367. 398, 576, 587, 592.
607, 609, 613. 670, 755, 763,
815, 835, 923, 926, 970, 973,
990, 995, 1023, 1031, 1037, 1039,
1050. 1055. 1071, 1072.
Partij (suceumberende). 938.
advers, 258.
litigant, 42, 793
Pas. 8. 35. 514, 609, 637. 640,
681. 706. 775, 779, 780, 784,
785. 807. 816. 835. 924, 974,
1067, 1068, 1077, 1079.
 (Engelsche), 908.
 (Makassaarsche). 446, 448.

Pasar. 229, 348, 349, 422. 496, 497,
hb7. 568. 652, 776, 777, 781,
182, 785.

Paseban, 228.
Paspoort, 247.
Passage, 148.
(ongepermitteerde), 677.

Passagier, 4. 607, 790, 8535, 981.

’   (Chineesch). 1078, 1079.
Passeren. 153. 351, 352, 476, 641,

709, 710. 792, 793.
, Patient, 986.
