1112

acar  42,  SL  62, 67, 69,
79, 81-87, 90, 91, 97,

Er  13 Er 145, 159, 167,
174179, 184199,
207, 230, 239, 503 3o, 284,
294, 301-303, 309312,
337339, 341, 343347, 349,
352354, 365, 376 378, 387,
388, 390396, 399, 401, 445,
446, 448, 450, 451, 453, 467,
477, 505, 507, 510, 511, 515,
516, 518, 519, 528, 530, 534,
535, 543, 545551, 562, 569,
571, 573, 652, 708, 719723,
725, 727, 728, 758, 761, 790,
800, 879, 897, 905--908, 938
65, 904,  1008 1015, 1017,
1018, 1023, 1031, 1076.

:  (afgeschreven), 548.

 -ment, 548

ERS.  518,   547.

72
Gangbaar, 208, 834, 968, 988.
:   ee dd 259, 328.
Gantang, 647, 7'
Garantie, 366.
Garan; 605, 628.
epe b
780, 7
Garnaal, zn 665.
Garnizoen, 61, 64, 144, 147, 196,
20, 225, 317, 339, 341,
345, 347, 349, 351, 352,
381, 399, 403, 419, 467,
476, 493497, 770, 838,
839, 902, 973, 993, 995,
1048

.   -kantoor, 94.
schrijver, 62, 97.

Geriivoensiels 930.
Gasthuis, 550, 952.
 -maal, 447.
Gat, 998.
 (donker), 662, ier nd
Gebed, 45, 129, 131,

 (publiek), 72.
Gebied (Comps), 1005.
Geblesseerd, 897.
Geboefte, 1031.
ee 529, 531, 532, 537,

501, 504, 775,

Gebouw (Comps), 2
-Gebrek, 118, 119, 0, 836, 988,

1022.
Gebruik (aloud), 244.

ZAAK-REGISTER.

 Gebruik (vrij), 951
Gecommitteerde, Zip. 757, 758, 762,

:          tot en over de zaken

van den inlander, 8, 13 16, 18,
19, 113, 126, 133, 135, 141, 142,
148, 151, 154. 155, 229, 25u, 273,
323, 330, 331. 335, 337 339, 341,
343, 344, 346, 350, 382, 385, 400,
475, 563, 565, 566, 568, 574, 575,
598, 599, 6G18,630. 636, 647, 654
656, 663, 674, 680682, 684, 692,
698, 709, 711, 738, 739, 766, 775.
784, 802, 803, 812814, 826, 832,
862, 884, 886, 898, 965, 1027. 1031.

Gecondemneerde, 826.

Gedaagde, 793, 1008.

Gedeputeerde,  161.

Geelgieter, 216.

Geeselen,  572, 573, 654, 658, 683,

687, 896, 920, 1058.

 -ling, 261, 313.

Geesel-roede, 573.

, Gegageerde, 547, 548.

Gegoedheid, 361.
Gehalte, 125, 128.
Geheim, 1001.
 ssChrijver, 266, 906.
Gehoorzaamheid, 32.
, Geit, 632, 633.
, Gekwetste, 387.
Geld, 274, 662, 663, 691, 693, 777,
779, 782, 786788, 268.
Es (ongangbaar), 629.
: ee 88, 89, 127, 159,
81, 520, 529, 951, 969, 972,
 (valsch;, 512.
:  zilver). ir 1080.
 gebrek, 365.
 -hefling, 252
 -kamer gerne) 80, 81, 121,
18, 819.

-kas (groote), 23.
-kist, Ger  Bd
: -leening, 52.
-middelen, 167, 169.
-ophaler, 236, 241, 364, 367,
371, 512.
-schieter, 253.
Grldssraarde: 926.
Geldteller, 282, dt 728.
 -winning, 749
Geleide-briefje, 3, 441, 605.
hbe: bij nieuwjaar, enz,
28.
