1104

Brandhout, 48, 75, 8286, 137, 196.
197, 277, 301, 329, 405, 510,
728, 775, 780, 785, 872, 938,

954, 960, 1081.

-kamer, 404, 419.

-klok, 147.

-kogel, 410.

-merk, 261, 313.

-merken, 572, 573,

-spuit, 149, 183, 391.
 -huis, 155.
 -meester, 155.
 ijzer, 410, 417.

Brassen, 979.

Bravoure, 255.

Breukband, 873.

Breuke,  Be  601, 714, 717720,

Brief, , Tor. 248, 285, 385. 574,
2, 878, 904, 905.
: Ole 274.
(open), 12
 (particuliere), 20.
 van crediet, eit 195, 208,
Ke 968,
69, 990
(valsche) 62, 63.
, marque, 259.
 -port, 343, 346.
Brieven van represaille, 245.
-post, 813, 815.
"vervoer, 126.
Briefwisseling, 107.
Brigade, 992995.
Brigadier, 1047.
Brik, 137, 281, 818, 905.
Brochure, 111.
Broeder, 1000.
 -schap, 161,
Broek, 402, 557, 77, Tes, 828.
Brom, 649, 693, 694.
Brood, 839, 872, 954, 996, 1046,

:  daler. 805, 806, 1047.
 sui
ak 101, 102, 134, 220, 222, 223,
628, 648, 821, 823, 1051.
Bruidegom, 55.
Buffel, 11, 13, 61, 336, 568, 632
634, 636. 716, 725, 777, 781,
785, 787, 987, A

ee ee oe

skar, 964,
slachterij, 559, 560.
 vel, 559.

Buikband,  828.

 Bij-boek, 404,
Bijlage, 954

ZAAK-REGISTER.

Buis, 101, 822.

Buit, 246, 259, 919.

Buiten-fort, 101, 710.
-gericht, 572574.
-kantoor, 1, 4, 21, 33, 44, 50.
53, 65, 77, 79, 87, 9193,
99, 105, 107110, 201, 204.
219, 220, 226, 234, 246, 287,
288, 306, 316318, 332, 363,
402, 443, 444, 516, 518, 519,
529, 534, 538540, 542, 545.
548, 552, 593, 597, 608, 610.
805, 840, 858861, 870, 874,
881, 882, 889, 860, 894, 896,
914, 925, 931, 935, 937, 999,
1004, 1008, 1011, 1012, 1035,
1041, 1048. 1065.

 -post, 61, 64, 101, 102, 105,
133, 152, 154, 226, 321, 323.
356, 405, 407, 411, 419, 437,
537, 542, 544, 642, 697, 824,
945, 948, 986.
 regent, 53, 402, 868, 944,

945, 963, 966, 985, 986, 994,
995, 1027, 1061.
-wacht, 223, 822.

-wijk, 209.

Buit-geld, 246.

Bundel, 644.

Bureau-geld, 924, 925.

Burger, 57, 58, 93, 117, 157, 212,
278. 320. 321, 355, 443,
459, 469, 547, 583, 605,
610, 646      33, 870,
877,     0, 926, 970,

1005, 1006, 1055, 1077.
:  (Makassaarsch), 1025.
 ambt, 385.
-corps, 771.
,  -kompagnie, 147, 148, 156.
plicht, 275.
 stand, 213, 282, 890.
twist,
-vri ijdom, 91,
Burger, s, 323, 503. 636. 1025.
ze   (inlandsche), 120.
us,

351.
 -kruit, 23, 218, 440, 913, 956,
1023.

764.
411, 437.

Bij-rekening, 800.
Bijstand, 6 9, 688.
Bijwonen, 869, 1029.

Bij-betrekking,
