1088

Jakatra, 101, 147, 148, 152,
2235, 555, 914.
.   (post), 16, 404, 457,
596, 822, 857.

   (weg van), 657, 686,
Jakatrasche bovenlanden, 8--
nel IEA 3E 550,0 3815:

567, 580, 655, 704.

Jamiel, 776.

Japan, 43, 109, 504, 607.

Japara, 295, 299, 500, 505,

3506, 700.
Jassem-brug, 154, 225, 822,
895, 1059.

Jassey, 959.

Java, 37, 50, 51, 58, 59, 66,
79, 91, 95, 109, 120,
12471127, 154144,
145, 199, 215, 221,
2435, 252, 260, 275,
277, 289, 304, 508,
515151936529, 23579;
445, 448, 449, 466,
468, 474, 477, 564,
577, 581, 588-590,
593, 602, 609, 612,
615, 620, 637, 640,
665, 699705, 705
707, 771, 865, 869,
886, 894, 926, 968,
975, 997, 1018, 1025,
1028, 1029, 1048, 1049,
1068, 1071.

 (West-), 563, 574.

Java’s Noord-Oostkust, 50, 57,

108, 225, 290, 507, 516,

REGISTER VAN NAMEN.

468, 592, 608, 609, 666,
704, 799, 921, 977, 981,
988, 1015, 1029, 1055,
1068.

Javanen, 9, 46, 58, 225, 228,
299, 477, 564, 589, 700,
804, 884, 885, 1059.

Jonas (C.), 251.

, Jonathans (J.), 176.
 Jongh (Mr. W. de), 515.

Jorissen (A. W.), 76.
Josi, 157.
Justinianus, 940.

 Kaap de Goede Hoop, 72, 85,

108, 120, 125, 167, 171,
247, 865, 1004.

Kadoe, 700.

Kal (van), 890.

Kali-woengoe, 505.

Kambodia, 612, 665.

Kamp (Chineesche) te Batavia,
148, 152, 155, 182, 185,
225, 590. 445, 449, 585,
586, 650, 657, 659, 678,
686, 688, 696, 709, 710,
715, 822, 981.

Kampen (punt), 406.

Kampong bahroe, 699.
    Malajoe, 152.

Kandang-besi, 565.

Kanton, 670.

 Karang-Ceram, 640.

Karseboom (B), 120, 151,
585, 1028.

Kasteels-kapel, 151.
