NAP EEP Ee PO EE OT PNT
X   OE FS to  1e, k

REGISTER VAN NAMEN.

Brandhout-werf te Batavia,
566.
Brebes, 796, 809811, 820.
Brengkok, 820.
Bronckhorst (van), 767.
Brouwer (A. H.), 46, 108.
 Buiten-hospitaal te Batavia,
53, 55, 65, 75, 81,
82, 87, 148150, 152,
262, 519, 585, 584,
680, 859.
 zorg, 6, 51, 104, 118.
119, 122 155157, 168,
177, 225, 265, 264, 266,
519, 526528, 552, 354,
550554, 576, 468, 478,
485, 606, 609, 642, 644,
664-668, 675, 678, 681,
695, 699, 716, 718, 719,
722, 725, 794.
Busch (D. van den), 157.
Buijs, 756.

Buijskes (A. A), 584, 694,

1714.

Campbell (C.), 82.

Canter Visscher (C. A), 3i,,
188, 189, 255, 406, 548,
615, 670.

Cantz, 616.

Caulier (J. 0), 692.

Cavallos, 517, 518.

Geilon, 282.

Cerammers, 105.

Chass (P. T.), 272, 670.

Cheribon, 19, 59, 42, 62, 65,

RR den zade
       Ld

126,
169,
186,
270,
5, 356,
2, 397,

5, 480, 491,
7, 532, 554, 542, 554,
613, 620-625, 635
654, 655, 659, 675,
706710, 713, 741,
7716, 795, 813, 819

127,
178,
225,
278,
565,
412,

160,
179,
228,
297,
565,
414,

165,
181,
229,
306,
367,
429,
501, 514,

637,
677,
775,

822, 826828, 851, 854

856, 858.

China, 174, 192, 455, 545,
624, 806, 858.

Chinezen, 7, 8, 12, 55, 56, 51,
66, 88, 92, 96, 118, 158,
167, 169, 174, 187, 193,
215,
295,

' 549,
451,
455,
509,

, 525, 525,
594, 422,
448, 451,
504, 507,
542, 546,

315 One
550, 552,
457, 4
475,
510, 559,
555, 567, 585,
624, 625, 657, 659, 645,
697699, 715, 724, 725,
154, 751755, 755, 759;
765, 796, 808815, 855.
Couperus (A), 670.
Cowell, 591.

Cranssen (W. J), 557, 667,

668.
Grock (L. CG. de), 112, 115,
509.

845

218, 255, 259, 295

586, 605,
