ZAAK-REGISTER.

Borg, 72, 73. 126, 127, 139, 144,
146, 158, 215, 285, 357, 367,
380, 546.

-stelling, 139, 195, 357, 373.
-tocht, "139, 658, 676, 698.

boudk 134.

Bos (Heemraden), 91.

Bosch, 61, 63. 66, 67, 69, 70, 72,
123126, 232, 257, 343,
345350, 401, 469, 576
580, 671673, 678, 682
684.

-ganger, 343, 346, 347, 351,
355, "469, 83.

 hoofd, 346 348.

 land, 70.

7   -volk, 348, 349, 351, 672, 673.

Botanie, 597

Boter. 476, 479, 519, 674.

Bottelier, 48.

Bouillon; 442, 551.

Bouwland, 125, 256.

Braakliggen, 70, 125, 126, 257.

 -ligging, 578.
: middel, 310.
Brand, 55, 50, 382385, 388397,

(in) steken, 161, 162, 181.
 -emmer, 381, 382, 388, 389.
Branden (werkwoord) 82, 95, 97
349. 350, 439. 510

Brandhout, 25, 26, 34, 97, 39, 40,

123, 133, 161, 204, 213, 299,
552.

519, 533;
-meester. 382 384, 386393,
395, 397.

-merk, 82, 501.
 merken bn se
-spuit, 5 38138.
8, 516. 708.
.  ih 383, 386390,
393

 -meester, 516.
-stichter, 396.
-stichting, 186.
-slof. 256, 576578, 581, 584,

586.
zijzer, 321, 371, 379.
Breken (buffel-kar), 471.
Breukband, 41, 458.
Brief, 2, 432, 471. 562. 620.
:  (ofticiale), 57, 539.

(particuliere), 172, 173, 675.

van credit. 71, 126, 208, 272,
273, 366, 433.

Briefje, 88, 89, 106.
 -port, 562, 675.
Brieven- ea aks

-hoek,

-post, L 408. 561, 624, 674.

 vervoer, 58
 Brigade, 35, Ja6, 231, 245, 246,
423, 429.
 -dier, 177, 182, 183, 224, 355,
420, 429, 459, 476, 532, 551,
607, 638, 642, 643, 690, 713,

726.
Brik, 38. 48.
Brits, 39.
Broeder, 93.
Broek, 16, 134, 441, 637, 688, 697,
709, 720.
Broeijing, 648.
Brood, 32, 34, 40, 519.
 -bakker, 216, 522.
 bakkerij. 275, 522.
 geld, 533.
suiker, 339341. 591.
-winning, 484, 498.
(burger), 332, 333,

4
Brug, 2-5, 8, 9, 3840, 44, 131,
256, 272. 368, 454, 698, 718. 719.
Brutaliteit. 721.
Buflel, 67. 68, 123, 208. de 2
   256, 257, 282, 283, 299,
   301. 316, 319321, :
345347, 351, 379,
   450, 451, 454, 471,
483, 529, 530, 552,

574, 680.
(dwalende), 370, 371.

-dief, 304
-diefstal, 303, 304, 319, 320,
370

-geld, 351.
-kar, 7, 154. 316. 332, 530.
slachterij, 208, 264, 287,
  320. 371, 375, 379, 605.
, Buit, 687.
Buiten-gerecht, 217.

’ -kantoor, 16; 18523. 38143,
59. 82, 87. 122. 142, 216,
227; 228. 268. 273, 285. 324,
326, 364, 408. 436, 449, 536,
537, 539. 570. 572. 603, 614,
617, 653, 658. 663665,
688. 689, 696, 711, 724.

 post, 32, 34. 35, 37, 39. 41,

 168, 208, 323, 437. 638, 639, 721.
