KLAPPER,

Java, Eee 54, 69, 95, 96, 102,
534; 89; 2101, 132, 750.
830, 900, 8, 9   9, 36, 88; 3006,
10, 489, 816, 17, 69, 94, 912;
4040, 115, 22, 25, 26, 32,
34, 40, 62, 92, 267, 458,
503, 4, 646, 87; 5136, 806;
6510, 1, 728, 68- 70; 7086,
176, 214, 15, 20, 571, 653,
75, 819, 989; 8186, 280,
367, 613, 18, 64, 81, 82,
713. 939, 55, 93; 9125, 29,
44, 57, 462, 76, 78, 81, 83,

58, 505, 48; 11206, 14, 32,
48, 49, 76, 94, 308, 323, 2d,
582. 629, 54, 60. 965, 78,
82; 12574, 995.
,     midden), 12002.
.  (oes), 139; 12002.
Javaasch commandement, 11384,
Javanen, 5756, 823: 6572; 8066;
9910, 16, 77; 10333, 836;
12473, 87, 50344, 559.
geroofde), 12518.
:       Ooster- en Wester-), 5452.
Java’s Noordkust, 1133; 2320; ar ch
9542, 989; 10411  , 539, 9
11244, 579, 964
 Noord- Oostkust.  34; 144;
487; 605, 31; 926:  1104,
33, 551, 53, 831: 2319, 850,
85, 989, 95; 4457; 5199,
378, 489, 99, 857; 6020,
951; 7082, 198, 21215,
448, 920; 9284, 533. 99;
10408, 525; 11157, 213, 385,
401, 500, 43, 788, 94; 12012,
 Ooster- en Wester-stranden,

5497.

Oosthoek, 3932; 4828, 977;

5288, 842, 901: 7921; 8335;

9489: 11704; 12012.
Oostkus t, 156457, 937 ;
2095, 231, 353, 54; 3826; 4582,
807, 32; 5498; 6710: 9473. 978;
10371; 11277, 313; 12065, 184,

517.

Javasche verpachtingen, 11968, 72,
74, 80, 81.

Jentieven, 2053, 54,

Joden, 2040; 11069.

701

Jonge dochters, 4802; 11746.
Jongelingen (onyermogende) 8533.

Jongens, 629;

:   Europeesche), 3169.

’   zwarte), 4569.
Jonken (Chineesche), 976682.
Jopen-bier, 3124.

 Journaal,   9687.

:  zextendeerder, 4848.
Judicature, 6204.
Jurisdictie, in 615; 723, 33;

10454, 679;  12616, 796.

van Batavia, 1648.

Justitie, 210814; 6113830.
 overvreemde natin, 12545--

(9
 Juweelen, 778; 839, 42; 1112,
 Kaaimuren, 1951, 58.

Kaap de Goede Hoop, 594; 1331;

4262: 6409, 93, 7 ; 8570; 9174,
541; 10209, 521; : H082, 34, 35,
42, 46, 387; 13000

Kaapvaart, 9784 90.
 -vaarders, 1794, 95,

Oa 2347; een 8273.

(pacht), 1  2051
Kaa ten, rd 7854; 8269, 75;

791-801; 1157882.
:     gf ae, 4849.
 -winkel, 1441.
Kes elen, 2420.
Kaas, 3897.
Kade, 929, 78.
Kadetten, 7685, 836.
Kadjang, 7340, 41; 8770, vs

Kaffers, 56165;  75456,  58;
6547, 65, 743; 729294;
10734; 12322,
 vanden water-fiscaal, 5148.
 Kain'’s, 8159.
Kajeli, 3831.

es hire 5231, 32.
Kalangers, 12525, 27.
Kalfaters, 9598; 10999.
Kaliber, 8216.

, Kali-woen Be sn 389.
, Kalk, 3887,

: 88748

’ gee ij S63- 8874, Te:
11583, 726.

ebranderijen, 8876, 82,
ovens, 8875, 77 79.
