REGISTER

VAN

PERSONEN-, VOLKS-

EN PLAATS-NAMEN.

Adiarsa, 341, 382, 384, 568,

803.
Afrika, 51, 167.
Albinus (J. B.), 959.
Alting, 280, 444.
Amanus-gracht, 656.
Ambachts-kwartier te Batavia,

21, 101, 110, 113, 149,
21,

155, 183, 215, 220,
224, 244, 267, 284,
357, 377, 5390--3592,
557, 558, 588, 757,
797,
8350, 860, 898, 905, 904,
910, 951, 932, 1052, 1048.

Ambon, 37, 48, 49, 90, 108,
256, 257, 1013.

Amerika, 31, 612, 665, 1019.

Amerikanen, 614, 619, 705.

288,
459,

Amoy, 51, 670, 681, 921, 924,

1077.

Amsterdam, 161, 162,
171; 531, 553, 7169, 194,
874, 875, 927, 999.

  Angk,

761,
802, 823, 825, 828
 Antjol, 16, 101, 155, 223, 404,

169,

147,
821.

Amsterdam (bolwerk),
222, 406, 407, 596,

Andriesse, 26.

16, 101, 154, 225,
404, 457, 596, 628, 650,
648, 654, 657, 678, 685,
686, 695, 696, 776, 781,
187, 822, 857, 1045.

Ang-pau, 52.

Anjer, 515.

Ankerstraat te Batavia, 721.
 werf te Batavia, 222,
821.

457, 628, 647, 654, 678,
685, 695, 696, 822, 1045.

 Asem, 132.

Asmut, 959.
Atjeh, 974.
Auffmorth, 849.
Azi, 31.

Baane (J. C.). 160, 375.

  Babakan, 805.
