ZAAK-REGISTER.

Kampong-hoofd, 149, 680, 697, 813.
 -mandoer, 12, 15,
Kanaal, 100.
Kanasser, 570, 571, 643, 644, 997.
Kandij-suiker, 471.
Kano, 622, 624, 629, 666, 667.
Kanon, 249, 250, 381, 404, 406,
407, 409, 415, 416, 421,
436, 437, 440, 913,
-boor, 422, 425.
-lepel, 421.

-nier, on 412, 546, 827,

wietoor: 220, 2
B kr 268-861.

van de e generale ontvangst,

222, 10

:  der generale visite, 461, 486.

Kapel, 184, 835.
Kaper, 1040, 1042, 1043.
Kapitaal, 186. 191, 194, 281, 282,
47, 481, 495, 497, 498, 777, 782
786, 790, 985, 1025.
Kapitein, 118, 119, 144, 150, 245--
248, 375, 399, 405, 411,

414, 420, 439, 467, 478,

537, 544, 610, 902, 904,
1022, 1046, 1048, 1049.
-Chinees, 56, 148, 149,
182184, pi 274,
281, 306, 444, 44
472, 560,
662, 690,

730, 7
982, 983, 1070, 1079.
.  (inlandsch), 62, 150, 777,
781, 788.

rk Zele,   Christen), 201.
  -ingenieur, 115, 825, 831.
5  -luitenant, 144, 375, 414,
439, 467, 610, 904, 1022.
 (scheeps), 6.
ter zee, 45, 159, 296, 375,
ie 538, 544, 610, 800,

709,

Se

:   Re, ter zee, 45, 160.
gel genie, 115
Kapok, 65

: "steen, 109.
Kappen Dn koper), 262.
Kar, 80
Karakter, 0 446, 447, 468, 718,

788, 1      061.
eng 775, 780, 785.

023.
’  (ialandesh) 898, 910.

5, 448,
570. 620: 632,
714, 715,
 816, 835, 916,

1119

Kardoes. 250, 418, 419.
-garen, 423.
koker, 421, 440.
-naald, 423.
 stok, 421.
Karnemelk, 693.
Kartel, 1069.
 Kas, 816.
 (Comps), 21, 27, 42, 62, 69
71, 1779, 82,  83, 8587.
97, 111, 121123, 177, 179,
181, 187, 189, 192, 193, 203,
230, 232, 240, 264, 273, 277,
"282, 297, 311, 314, 321, 326
328, 366, 367, 373, 381, 382,
385, 388, 392. 398, 416, 438,
448, 455, 457, 473, 486, 504,
506, 520, 528, 541, 547, 548,
552, 586, 587, 709, 729, 739,
744, 764, 894, 938, 963, 994,
1005, 1033, ir gen, 1081.
 (Comps groote),
:  (nationale), Ho.
 boek, 236, 238, 368, 369, 517,
519-521, 525, 528, 529, 554.
ordonnantie, 29, 30, 310, 784.
rekening, 237, 243, 360, 368,

593, 860.
Kaserne, 102, 104, 220, 222, 223,
493, 494, 821823, 929, 996.
Kassier. 80, -166, 231, 232, 236

239, 241, 243, 268, 304, 358
361, 364-372, 458, 515, 519,
585, 598, 721, 723, 724, 727,
744, 745, 819, 820, 906, 908,
1034,  1068.
 telein, gia BEL 790, 869, 870,
972, 1037
-lijden, 670, 698.
Kati, 567.
Katjang, 894.
 -goreng, 623, 624.
-olij, 75, 445, 449.
Katjoe, 671.
Katoen, 602, 618, 705.
 sorteerder, 503, 504.
Kavallerie, 148, 182, 537, Sn Krik
546, 858, 1030, 1
’    (inlandsche), dis
Kavallerist, 153, 290.
Kelder, 823.
Reap (legale), 1
, Ke erk, 54, 72, 5 131, 222, 765,
106, Ki, 792, 794, 821, 912, 913,
