1148

Rol-dag, 102.
honabrendes, 992.
Ronde, 771, 774, 860.
.   doen, 506, 1073.
Rondloopen in bosschen, 916.
 -scherp, 374.
 -zwerven, 120, 152, 301.
Ronggeng, 164, 528, 690, 691.
.   -school, 686.
-spel, 689691.
Haaaarder 504.
Roof, 175, 301, 302, 651, 1055, 1073.
Rooster, 16.
Roover, 370, 501, 507, 682, 818.
 -bende, 294.
Rooijing, 1073, 1074.
Roskam, 578.
Rotan, 746.
 -drager, 172, 173, 297, 298,
83, 494.

 -slag, 819.
Rouleren van commissie-leden, 674.
Route, 1023.
Rouwkleed, 397.
 -mantel, 348.
 -wagen, 398, ed
Royeren, 251, 412,
a A 555, 737, 0, 915, 1004,

Ruiling, 713, Bf 966.
Ruim (het), 68
Ruineren Be 913.
Ruiten-kaart, 455.
Rundvee, 178, 341.
 -vleesch, 522, 571, 781.
Rusie, 1036.
 maken, 661. 773.
Rust, 102, 282, 291, 388, 477, 481,
488, 504, 506, 509, 510, 623,
691, 700, 773, 774.
:  -plaats, 109, 589, 1022.
Rijden, 99, 857.
Rijd-equipage, 577, ae rte
 -gelden, 576, 579, 5
NE 64, Bos Vaz. 358,
360, 362, 367. 478, 483, 487
492, 495, 498, 500, 501, 505,
506, 510, 512. 654, 693, 700.
 kroon, 369

 schuld, 366.
 -slaaf, 850, 852
Rn 11, 170, 171. 506, 636,
0. 658. 659. 662. 744,
 1020, 1023, 1029, 1030, 1032
1034, 1036. 1057, 1058.

ZAAK-REGISTER.

 Rijst, 51, 116, 163, 180, 183. 184,

202, 203, 211, 213215, 217 -
ne, 283, 293, 296, 317, 325
327, 335, 337341, 343, 374,
. 387. 389, 391, 392, 417,
, 466, 472, 476, 485, 489,
, 497, 498, 525. 532, 535,
 591, 616, 617, 634, 647,
5 688, 711, 716-718,723,
8, 750752, 756, 760, 764,
816- 819, 850. 867,
896 -902, 904, 912, 913, 931,
933, 975, 979, 980. 998, 999,

1030, 1045, 1046, 1076.
contingent, 709, 710.
cultuur, 178, ir 390.
-gebrek,

-gewas. 300, 530, 855.

-land, 296, 297, 299, 513, 568,
569, 631. 654, 655, 704, 709,
877, 878, 1029.
 leverantie. 161.
 markt, 203, 391, 570, 1045,

en

.      st, 850.
’  ate d, 50, 51, 160, 162,
167, 168, 171. 176, 178, 179,
338340. 351,  rs  369, 485,
492, 495497,           508,
634, 687, 688,  dos  710,  713,
741, 742, 765, En 898, 911, 970,
Rijtuig.:64, 65, 87. 9599, 170.
282, 285, 320.  Se,  390, 466,

165,

512, 513, 640, 642, 660, 773,
857. 867, 1028, 1029, 1035,
1060.

Sagoe, 783.

Said, 508, 673.

Saisoen, 317.

:   (ruw). 17, 686.
Salariren, 525. 526.

Salaris, pe 69, 73, 90, 157, 200,
248, 249, 254, 562, 568,
608. 643. 808, 837, 862,

863, 958. 1063, 1065, 1066.
 lijst, 90, 696, 995.
Saldo. dat pt art se, 1026.
.   yal

i
 alpa AA 645. ae, 753, 754,

931,-933, 975
-makerij, so 643 645,
786.
Saluut, 374.
 schot, 419.
