1050

Overschepen, 3, 506, 544.
 sscheping, 301, '562, 568, 710.
 -schot, 72, 322.
: schrijven, 123, 174176, 352,
353. 357. 703, 704.
:       (een land), 452.
: hire 177, 178, 329, 485,
65, 780, 781. 891, 892.
Overste, 975, 976.
 luitenant, 371,
Overstrooming, 336.
 -toom, 422.
 -treding, 595.
. -vaart, 547.
 voer, 119, 137.
 voeren, 49, 55, 508, 850.
 -wal, 239, 309, 311, 477, 506.
543, 572, 573, 932, 949.
 -waller, 323. 472, 952.
 -wigt, 112, 910, 912, 913.
 -winnen Een id
 -zenden, 464, 86

Paal, 168- 170, 918.
 en perk stellen, 469.
Paard, 40, oo, 150.152. 153, 168, 178,
260, 292, 338. 892, 956, 965.
(te), 93, 151, 422, 808.
Baarden: geld, 112.
:   mest, 917.
-stal (Comp), 924.
-tuig, 965.
 -wed, 956.
Pacht, 29, 49, 81, 139. 229, 236, 260,
315, 316, 318, 320, 321, 325,
332, 463, 464, 473, 538. 540
545, 594, 597, 696, 697, 702,
732, 733, 756, 758, 840, 931.
932, 952, 955, 957,
 -conditin, 26, 29, 30, 84, 85,
169, 297, 315, 316,
319, 325, 330, 331,
389, 551, 596, 733,
911-913,931,756,

758.

Dn          (Javaansche), 47,

Pachter, 12, 14, 29, 30, 48, 49, 57,58,
66, 82, 169, 188, 264, 270, 271,
316, 318, 319, 321. 323, 324, 330,
389, 395, 396, 410, 417, 419, 422,
463, 464, 470, 473. 475, 538541,
543 -546, 550. 551, 573, 596, 697,

702, 726, 732, 733, 756 758.813.
873, 874, 899, 931.

dln Gieren NN Ee

ZAAK-REGISTER.

Pachter (gevluchte), 1   45
Pacht- tene 270, 316, a 339,
758, 813. 899
 schat, 316, 696.
-termijn, 818, 330, 422, 542.
 -tijd, 421.
: ager 108, 109, 341,

46
Padi, 12, 141, 143 -145, 270, 288,
289, 348, 349, 506-508. 543,
604, 709, 710, 757, 761, 762,
806, 821, 921, 928.
 -Cultuur, 116.
- -gewas, 794.
 -land, 116, 117.
 leverantie, 141.
 veld, 550.
Pagina, 691.
Pagode-munterij 339.
Pak,    37, 305, 898.
Paket, Sns
Pakhuis. 3, 20. 33. 37, 92, 101,
305, 591, 604, 790, 824,
827, 828, 830.
:    (Comps). 69, 112, 127, 144,
331, 348, 400, 438, 458,
505, 507, 530, 565, 644,
647, 673, 705, 806,
(particulier), 507.
:   -huur, 2,
,    -meester, 898, 902.
-merk, 119.
Pines 167.
Pan, 402, 905, 907, 908.
Pand, 170, 376.
, -bewaarder, 392.
Pangeran. 932
Pannebakker, 63, 905.
Papier, 206, 221, 268, 269, 412, 602,
691. 984, Ee
:  (publiek), 3
 van nn 632  635, 649
652, 688690, 694, 695,
705. 716, 720, 723, 736, 738.
776, 777, 790, 793, 809, 822,
Eer 828, 829, 904, 920, 983,

van credit gr 850.
Papieren (Comps), 406. 774.
(insipide), 50.
,   (instructive), 516, 592.
Parade. 378381.
 -plaats, 380, 384, 385.

Paragraaph   336, 337.

Parang,
