REGISTER VAN NAMEN.

Holle, 695.
Hoorn, 119, 509.

Hospitaal (Chineesch) te Bata-

via, 200, 284, 595,
599, 617.
 kantoor, 598.
 kerk, 195, 197, 581.
   op Edam, 466, 599.
Purmerend, 240,
241, 251, 550, 595, 599.
Houtman (F. W.), 589.
Howel, 658.            x

Indramajoe, 509, 511, 514,
551, 554,

Isle de France, 244.

Jaagpad te Batavia, 504, 505.

Jakatra, 85, 90, 186, 254, 577,
405, 486, 541, 620,

7127.
   (post). 4718.

Jakatrasche bovenlanden,
189, 3577, 659, 785,

Japan, 4, 6, 16, 75,
115, 248250, 555,
512, 646, 647, 689,

Jassembrug te Batavia,
511.

Java, 6, 7, 16,19, 55, 88, 155,
169, 179, 180, 185, 189,
226,:-255, 248250, 527,
515, 574, 578, 579, 592,
458, 482, 492, 545, 5h1,
552, 557559, 565, 566,
569, 602, 624, 654, 645,

159,
807.
114,

156.

482,

510.

847

 652,
750,
712,

Java’s
115,

696, 699, 7017035,

7155, 750, 754, 756,

799, 807, 829.

Noord-Oostkust, 114,

185, 595, 500, 558,

565, 655, 669, 670, 689,

712, 781, 828.

 Javanen, 7, 94, 96--98, 101,
718, 810.

Jonas (C.), 512.

Jongh (W. de), 151, 585.

Joost (H. H.), 165, 592.

Josi (C.), 581.

 Jubbels (A.), 640.

Kaaimans-gracht te Batavia, 11.
Kaap de Goede Hoop, 104,
105, 107110, 112120,
122125, 159, 187, 188,
225227,. 255, 248250,
286, 289, -292, 294, 555,
 359, 561, 589591, 451,
495, 557, 545, 54b, 548,
 609, 641, 648, 650, 689,
1717, 792, 795, 798.
Kamp (Chineesche) te Batavia,
12, 236, 467, 521, 551,
691, 705, 727, 858.
Kampar, 775, 797.
Kamphuys (P.), 584.
Kampong-bahroe, 405.
Kanaal (het), 110, 122.
Kanton, 118, 579, 448, 657,
700, 776.
Karang, 778.
Kartapan, 404,

