EN

KN (a iN

1058

Schaal, 652.
Schaamte, 206, 220.
Schaarschte, 506, 678.
Schaarsheid, 11, 107, 269, 275, 420,
601, 604, 621, 632, 635, 646, 649,
658, 687, 699, 728 730, 794, 800,
804, 829, 877, 886, 909, 941, 989.
Schade, 12, 17, 45, 134, 146, 151,
233, 254, 271, 299, 376,
     430, 437, 441, 447, 480,
529, 559, 647, 676, 682,
721, 786, 897.
:   loos stellen (Boedelmees-
teren), 437.
’   -loosstelling, 80, 769.
-vergoeding, 948.
Schafmeester. 398.
 order, 6, 872.
Schaggerij, 329, 545.
Schatkamer, 513.
Scheeps-boek, 72.
boekhouder, 71, 73.
 boord (binnen), 436, 485.
- -dienst, 479, 495, 788, 991.
 doos, 389, 516.
gaen, 482.
leederen, 492, 727.
-korporaal, 654.
-lading, 226, 599, 719.
-onkosten, 25.
-overheid, 6, 10, 23, 24, 79,
119, 236, 258, 259, 264, 316,
390, 406, 410, 517, 718, 719,
741, 757, 758, 811, 895. 956.
 rantsoen, 491, 492, 495, 583.
 resolutie, 460.
 ruimte, 479, 507, 561, 734.
:  poe, 24,
       -boekhouder, 41,72;
719, 785, 811.
 -soldijen, 25.

eve

 timmerman, 96.

 -timmerwerf, 838, 937, 941,
-951, 955.

 volk, 5, 6.

-werk, 67, 480, 494. 495.

Kohl: -muur, 29, 430.
Schelden (weeskinderen), 202.

 -woord, 403.
Schelling, 273, 919.

.    (valsche), 495.
Schenker, 181
Schepeling, Ei 70, 73, 119, 772,

s  (inlandsch) 496.

ZAAK-REGISTER.

 Schepenen, 17, 23, 25, 27, 30, 32, 39,

41, 44, 46, 49, 56, 74, '90, 98,
101105, 108, 115, 128, 149,
156158, 161, 175179, 183
187, 247, 249, 255, 256, 258,
827329, 341, 352, 387, 403, 404,
407, 408, 410, 423, 428430, 434,
435, 453. 455, 457, 458, 484,485,
610, 625, 628, 631, 665, 668,
693, 704706, 722, 723, 759, 780,
781, 816, 831, 840, 842, 849,
853, 871, 875, 879, 887, 889,
891, 892, 396, 903, 905, 917,
Schepen- kamer, 251, 252.
 kas, 31.
 -kennis, 255, 890.
Scherp, 125, 510.
’    (rond), 974.
Schieman, 654.
Sechiemans-maat, 424, 654.
Schieten, 88, 95.
Schietgeweer, 88, 294, 455.
Schikking, 646, 940, 946, 951.
Schilder, 444, 683.
Schilderen (een ri inie), 30.
Schildwacht, 40, 91, 380, 384, 438,
501, 584.

Schip (Comp), 24, 49, 58, 59, 87,

126, 230, 235, 567, 270,

279, 305, 314, 354, 387, 390,
475, 484, 496, 501. 504, 512,
515, 521, 522, 524, 525, 534,
555. 565, 566, 577, 589, 591,
597, 610, 636, 653, 657, 658,
665. 692, 706, 709, 717, 719,
726, 727, 734, 782, 804, 836,
850, 879, 880, 908, 915, 919,
985, 934, 959, 982.

:  ( am 517, 518, 624.

            Comps), 677.

:  feed  TE 727, 768,

eten: 367, 648.

 (Portugeeschi), 606.

:  pi, 3, 57, 74, 262, 465,
466, 637, 684, 772.

 (vijandelijk), 520.

: i  .   Comps), 657.
 -brug, 93.

Schip LP i, 20, 49, 7075, 85,

263, 305, 388, 466,

480-482’ 484, 496, 501, 502,

513515, 519, 520, 556, 618,

624, 640, 654656, 726, 740,

741, 782, 805.   F
