1140
Schutterij, 57, 381.

n, 630.
Bae.  226, 227, en 305, 369,
401, 458, 906, 907, 1034.

Seribent, 263, 288 1013, 1015,
1016.

Serupule, 454.

Seclusie, 660, 680, 689, 697.

Secretarie feenenle) 33, 75, 104,

20, 201205, 208, 583, 664,

824, 906, 1028.
Secretaris, 169, 170, 238, 3
(Chineesch)  bee  730,
:   Bank van leening, 268,
 908.

:   Boedelmeesteren , 488,
906.

:   Heemraden, 906, 1053,
1054.

:   rte

202, 285, 286
Raad van atten foe,

227. 466, 906, 984, 1000,
1003.

   Schepenen, 42, 43, 352,
484486, 630, 736, 763,
792, 793. 906, 982, 1077.
:     Vendumeesteren, 282.

,   Weeskamer, 281, 455,
488, 510, 513.
:  van politie, 292, 295,

297, 304.
Secreteren, 63, 460, 577, 936, 992,
1070.

Secretesse, 115, 282, 1052.

Secureren, 113, 818.

Securiteit, 253, 287, 638.

Sein, 135, 149, 150, 156, 247, 596,
97 79, 980.

 schot, 837.
Seminarium, 121.
Sensatie, 308.
rt 89, 462464, 938, 1002,

1008,
Sepoet,. 530, 335, Lt
Seponeren, 604, 7
Sequester. 552, dn

546,  "557, 570,  "776,  78
781, 783, 839, '902, 981, 1022.
Servituut, 564, 566.

Sessie, 741.

ZAAK-REGISTER.

Signatuur, 62.
Simulatie, 1002.

 Situatie (critieke), 468.

Sjahbandar, De Al, 47, 48, 94, 141,
2, 146, 150, 208, 256,
271, 280. 292, 314,
 380, 442, 465, 475,
 514, 574, 585, 587,
 600, 606, 608, 609,
615-617, 638, 639, 642,
671, 732, 805-807, 816,
834-836, 862, 913, 916,
944, 947, 954, 967, 972
974, 983, 10361040,
1046, 1067, 1071, 1076,

1079.

’   rij, 150, 638, 639, 642,
869, 1028’

Sjerp, 445.

Slaaf, 151, 157, 180, 186, 187, 191,
207, 216-220, 255, 316, 329,
355, 356, 364, 378, 391, 393
395, 434, 435, 468-471, 480.
486, 487, 535, 556558, 580,
581, 597, 609 611, 623, 624,
652656, 658 -660, 662, 663,
668, 679, 680, 683 -685, 687
689, 691, 695, 697-699, 706,
707, 712. 828, 865, 866, 869,
873, 895897, 915, 917920,
923, 955957, 959, 961, 970,
971, 1037, 1058, 1071.
(Comps), Ei 87, 216, 224,
825828, 1050.

 (gehuurde), 37.
:  Geke) 357.

Slaan, 663, 691.

 Slachten, 61, 179, 330, 331, 336,

585, 587, 624, 632636, 716,
725, 735, 984, 987.
-ter, 634, 635, 987.
dE 336, 776, 781, 787, 984,
9

Slachtoffer, 1039.

Slaper, 75, 316, 317, 672, 1036.

Slaven-handelaar, 597, 1071.
 -transport, 238, 369.

Slavernij, 225.

Slavin, 217, 327, 896.

Slepen (hout), 804.

Sleutel, 237, 351, 368, 420.
Sloep, 395, 858, 859.

Slonsje, 122.     fi      k
open (afgevaren Comp schepen), 56.

 SiePikell 218,   sl   pen),
