166

Soebang, 479, 480.

Soekapoera, 254, 591, 594,

682 -684.
Soekaradja, 682, 684.
Soeka-sari, 481.
Soeki, 685.
Soemadangan, 51, 55, 56, 252.
Soembing (berg), 592.
Soemedang, 222, 261, 500, 451,
452, 525, 526,591,595,594,
612, 616, 682, 684, 686.
Soemenep, 4, 86, 102, 109,
162, 166, 251, 292, 296,
3575, 599, 401, 405, 426,
431, 520, b4b.
Soemenappers, 259, 548.
Soengi-atap, 565, 694.
 -kendal, 565, 694.
Soerabaija, 5, 6, 16, 45, 45,
65, 8082, 86, 100105,

107109, 115-115, 125,

129,
EA;
209,
244,

1350, 162, 167,
181, 182, 195,
2135, 228, 229,
246, 248, 250,

168,
196,
259,
252,

254 257, 259, 261, 272

276, 284, 288, 289, 293,
294, 296298, 512, 514,
3522, 325, 331, 533, 536,
536, 343, 352, 364367,
375, 3576, 379581, 584;
386, 392, 5396598, 401,
405, "404, 410, 411,
427, 431, 457, 458,
475, 485, 486, 501,
506, 508510, 517,

be

465,
505,

426,

518,

REGISTER VAN NAMEN,

520,
539,
567,
638,
675, 676,

524,
545,
582,
647,

525528, 534,

551, 555, 5b4,

621, 622, 652,

650, 662, 675,

678, 680, 689,

704, 705, 711, 720, 721.

Soerabaija (rivier), 521, 661.

 Soerakarta, 11, 12, 14, 51,
135, 75, 76, 86, 100, 104,
151, 152, 222, 225, 256,
271, 274, 296, 404, 405,
448, 455, 540, 41, 545,
544, 712, 715.

Soerate, 755.

Soesoehoenan, 715, 740.

Solear, 625.

, Soligny (J.), 500.

Solo-rivier, 256, 398, 542, 545.

Somang, 624.

Son (D. van), 595, 605.

Sontar, 442, 565, 614, 694.

Sopeng, 151.

Speelwijk (fort), 298.

 Staalhoff (J.), 595, 605.

Stadhuis te Batavia, 10, 268,

536, 612.

Starrenburg, 712, 715.
Steufbaas (G. J.), 594, 604.
Steyn Parv(J. A), 44, 589, 561.
Stigler, 208.

Stopford (R.), 727.

Straat Banka, 665.

 Soenda, 299, 665.
 Struiswijk, 245, 484.
Suiker-pakhuizen te Batavia,

101, 106, 275.
