REGISTER VAN NAMEN.

Java, 241, 242, 592, 450,
435, 494, 518, 519.
Java’s Noord-Oostkust, 5, 16,
41, 47, 56, 67, 68,
115, 129, 134, 145,
146, 204, 217, 220,
222, 2359, 597, 401,
4035, 4350, 451, 449,
454, 463, 478, 496,
507, 524, 548, 556,
606, 687, 752.
 Oosthoek, 8, 25, 45,
54, 65, 73, 80, 81, 86,
115, 162, 164, 166, 195,
202, 204, 217, 220;
223, 229251, 259, 244,
246, 249251, 255, 257,
258, 262, 271, 272, 514,
3551, 532, 554, 5357, 546,
552, 3556, 563, 576378,

397, 400, 401, 403, 450,

451, 449,
478, 496,
524, 541,
551, 552,
608, 620,
687, 721.
Javanen, 15,
142, 221,
247, 515,
Sidsr 374,

457, 458, 465,

554, 586, 606,
640, 661, 675,

42, 46, 87, 88,
228, 239, 246,
525, 550, 331,
378, 405, 409,
428, 467, 716, 717, 754,
7135, 737, 741, 742.
Jongh (J. de), 141.
Jongkind, 71, 84, 145.
Jumel, 662, 756, 758.

222,

504507, 509,
544, 546548,

759
Kaaimansgracht te Batavia,
ott.
, Kaap de Goede Hoop, 282.
 Kadoe, 222, 312, 540.
Kadoeagan, 625.
 Kajoe-poetih, 485.
, Kaledin (berg), 5692.
Kali-anjar, 598.
 -banting, 557, 558.
 -deras, 290.
 -tandjoeng, 479, 480.
 woengoe, 19, 735, 257,
492, 540.
Kamang, 485.
Kambodja, 475.
Kamp (Chineesche) te Batavia,
9, 142, 212, 515, 599,
600, 724.
 (Chineesche)
ribon, 481.
 (Chineesche) te Soera-
baija, 314, 315, 520,
522, 525, 526, 597.
(Maleische) te Soera-
baija, 514, 515, 520,
523, 326.
Kampong-bahroe, 4453, 565,
566, 694, 695.
    -doeri, 291.
 -Malajoe, 170, 245,
290, 484.
Kandang-auer, 157, 468, 482,
625.
Kangean, 599.
Kapok, 290.
Karang-anjar, 480, 481.

te Che-

