1130

Kerk (gereformeerde), 595.
Kerkeraad, 38, 184, 224, 386, 441,
5, 792, 835, 941, 969.
gereformeerde), 42, 45.
Kerk- tondien, 969.
 -hof, 765, 766, 912, 913, 942,
943.
 klok, 180.
gd 102,

 -recht, 765, 775, 912, 943.
Kerry-kruid, 874
Ketel, 929.
Ketting, 825, 827

in de),

16, 17, 255, 267,

75. 476, 478, 581, 613,

627, 632, 633, 653, 655,
657, 659663, 678680,
682, 684, 686689, 691,
De 697, 707, 896, 920.
.   -baai, 218, 826.
:   -ganger, 216, 825828.
’   Jongen, 301.
:  -mandoer, 301, 825, 826.
-slag, 261, 313, 616, 712.
Ear; 1007.
223:
634

Keuren (kalk en steen),
Keurmeester, 585, 587,
:       van het beestiaal, 984.
Kind, 10, 12, 151, 180, 217, 225,
228, 233, 256, 327, 362, 477,
482, 483, 488, 582, 583, 652,
894, 939, 940.
Gnlandsch). 890.
Kindrviandi 910

Kist, nn 603, 608, 619, 672, 704,

(gepermitteerde), 4
(ijzeren), kid 368.

Kisten-maker, 6;

Kit, 678680.

Klacht, 140, 570, 578.

Klager, 810

Klant, 622.

Klapper-olij, 22, 272, 344.

Klee ing,  49, 217, 220, 227, 402,
608,    674, 713, 715, 716,
778, 783. '857, 864, 947.

Kleedje, 446, 449, 605,  7.

D   (Javaansch), 206
kin a 339, 343, 346, 827,

Klermaker, 620.
Klein (in het) verkoopen, 833, 854.

712, 737, 898,

ZAAK-REGISTER,

 Kleinigheid, 830.

 Kleinodin, 606.

, Klein-winkelier, 210, 795, 796.

Klem, 8.

 Kleppen met een brandklok, 147.

 Klerk, 27, 80, 82, 83. 123, 166,
168, 184, 202, 203, 231, 238,
239, 241, 243, 263, 265, 358,
364, 365, 369371, 377, 415,

l 436, 439, 512, 517, 797,
re 907, 10131015, 1038,
1

(1e), 242.
(in andsche),  718, 782, 783.
(gezworen), 42, 89, 90, 205,
258. 386, 793. 840, 906,
1000, 1028.
 (le gezworen), 33, 120, 131,
x     201, 202, 292, 295, 305. 364,
368, 369, 372, 583.
(adjunct gezworen), 906.
(adjunct 1e gezworen), 202,
203, 208.
 Klimaat, 943, 1039.
Klinket, 351.
Klip, 869, 1028.
Klok, 32, 146.
. luiden, 908.
Knevelarij, 350, 384, 883 885, 887,
1030, 1059, 1075.
En 45, A4, 632, 633, 777, 782,

7
 Koek, 662, 690.

Koel-balie, 929.

Koeli, 24- 26, 29, 30, 38, 71, 96,
     149, 155, 156, 189, 191, 192,
198, 207, 224, 387, 411, 412,
506, 623, 809811, 837, 938,
943, 998

 , geld, 38, 82-86, 230, 387,

 Toon, 69, 80, 81, 121, 179,

       196198, 206, 207, 503, 504,

    507.

   -rol, 455.

Koets, 141, 211.

 Koetsier, 213.

 Koevoet, 414, 421.

Koflij, 20, 160, 253, 281, 338, 340,
342       1-385,  08,

349,            5
564-566, 592, 593, 715, 746,
760, 785, 786, 802805, 878,
879, 964, Ge 1040, 1047.

 -bereidin
oer  Et 496-501, 505
507.  75. 780, 839, 902, 996.
