874

Kanon, 71. 93, 192, 199, 248, 250,
659

nier, 305, 306, 315, 316, 659.
 schot. 93.
Rana (subaltern). 274, 275.

-hediende, 706, 715

 behoeften, 410.

generaal, 47, 195, 299, 301.
332, 366, 610, 634

vd generale directie, 487,

              687

:         visite, 47, 657.
Karine. 143. 244, 256.
Kaper, 788.
-schip, 572.
Kapitaal, 155, 200, 278, 296, 299,
), 351, 352, 357, 358. 413,
414, 439, 611. 666. 694, 710,
711. 715, 756, 786
Kapitein, 182, 210, 411, 431, 434,
436, 443, 453, 456, 464,
, 475, 528-530, 555,
 559, 563, 566, 568,
3. 574, 578, 588, 637,
638, 647651, 706, 737,
738,
797, 804, Pri ee
(burger), 26
(Engelsch), 194.
(inlandsch), 26, 490.
(militair), 173, fi pet
(sc rt B    171, 17

r heen     8
284, 357, 358, 378, 380,
415, 437, 442, 490, 498
500, 5530. 531, 575, 592,
601, 615, 619, 626 - 628,
703, 778.
-generaal, 614.
-ingenieur, 372.
-kommandant, 529,
569, 570

431, 475, 507, 514. 517,
555, 559, 564, 569, 588,

647651, 693, 781, 782.
ef inlandsche christenen,

'     der Mooren, 490.
.    der el 57.
.   uz 26

eng  44, 215.
Kapok, 4

712, 775, 781. 782,

530,
luitenant, 106-108, 179,

361, 471, 548,
659, 693, 694, 731, 736.

ZAAK-REGISTER.

Kappen, 87, 142, 180.
:   (in stukken), 51.
Kapstok, 448.
Kar, 484.
Karabijn, 90, 248, 250.
Kardamon, 314, 547, 689.
Kardoes, 185.
 naald, 174, 178.
-papier, 174, 178.
Karrevoerder, 95
Karwaat, 46, 237, 316
Kas (C ome, 15, 19, da. 104, 121,
135, 148, 231, 235, 243, 252,
253, 283, 297. 339, 342, 350,
351, 364, 366, 373, 386, 411,
 414, 416, 423, 424, 429.
 450, 457, 459, 468, 474,
3, 501504, 521, 534, 535,
 559, 609. 612, 613, 643,
), 647, 656, 665. 677, 679,
. 693, 705, 716, 722, 726,
3, 745, 763. 773, 774, 776,
800, 807, 809, 814, 815,
832. 838.
 (groote), 269, 713.
 (mm) telling, 134.
 ordonnantie, 593,
-saldo,
Kaserne, 517.
Kassa-boek, 266, 714
 -rekening, 176, 352, 353, 682,
683, 794.

Kassier, n 5, 151, 156, 202, 208, 209,
221, 239, 265, 266, 268,
270. 324, 368, 594. 598,
644, 673-677, 679683,
687, 695, 696, 706, 707,
710, 713718, 773, 801.
 am pbhioen societeit, 596, 600.
 bank courant, 47, 600.
 bank van leening, 596, 842.
vd generale ontvangst, 777.
der kostpenningen, 48.
Kastselsitrukkerli  219.
Kastelijn, 33, 572, 815.
Kastijden (potia of mandoer), 100.
aasgjene 54.

:        e, 54.
Watje,’ 7. Soi, 259, 314, 630, 631,
809

 koek, 85, 145. 379, 624.
 oli, 246 255, 259, 260,

, 626.
Katoe n, 45, 217, 520, 521, 610, 624,

, Kauri's, 547.
