REGISTER VAN NAMEN.

Bottelier (de), 101, 223,822.
Bovenlanden (Bataviasche), 475,
901.
Braband, 51.
Brandhout-werf
216.
Buffel-rivier, 560.
Buiten-hospitaal
156, 225,
822, 865,
871, 879,
945, 949,
961, 984,
1027, 1046.
 zorg, 101, 102, 115, ,
152, 225, 517, 54534b,
547549, 582, 584, 400,
711, 7179, 782, 785, 785,
803, 822, 964, 998, 1022,
1025, 1026, 1027.
Bunstorff (6. J.), 54, 55.

te Batavia,

te Batavia,
575, 495,
867, 870,
897, 958,
955, 959,
986, 994,

Cagie (Moorsche), 222, 821.

Canter Visscher (C. A), 888,
1062.

Geilon, 72, 90, 108.

Cerammers, 529.

Chambon, 965.

Cheribon, 57, 58, 79, 91, 108,
260, 275, 277, 278, 288,
289, 315, 514, 519, 529,
599401, 466, 476, 564,
577, 581, 595, 608, 609,
612, 615, 657, 640, 665,
699, 705, 704, 706, 707,
907, 968, 988, 997, 998,

1085

1013, 1018, 1051, 1055,
1060, 1068, 1069.
China, 65, 72, 95, 127, 245,
244, 254, 274, 606. 607,
612, 645, 665, 670, 681,
798, 799, 819, 985, 1021,
1050.
Chinezen, 46, 52, 58, 92, 97,
115, 117, 151, 159,
141, 148155, 182,
185, 211, 218, 229,
2351, 255, 244, 252,
254, 266, 269, 274,
281, 506, 516, 519,
326, 529, 559
565, 400, 401, 411,
bbh 446, 449,452,
455, 457, 568, 585,
594, 626, 629
652, 656, 658
660, 662, 665, 678,
685, 686, 688, 689,
691-695, 697,725,
725, 729, 7357, 759,
767, 776, 780, 781,
787, 191, 807, 855,
869, 870, 884, 914,
916, 918, 919, 954,
974, 982, 1058,
1059, 1070, 1078
1080.
    (peranakan), 652.
Collier (J. 0.), 940.
Corea (de), 148.
Cranssen (W. J.), 117, 181,
208, 528, 472, 969.
