ORBESRINTENDE Ee

4020

Brand, 25, 88, 89, 202, 226, 383, 384,
438441, 647, 691, 787.
 (in) schieten, 504, 658.
 (in) steken, 520.
 brief, 42, 273.
 -emmer, 438, 440.
Branden (werkwoord), 12, 17, 42,
u     7. 298, 325, 326, 820, 847.
Brander, 504, 521, 657.
Brandewijn, 354. 603.
Brand-haak, 438, 440.

nn sve en En R

Bars

ZAAK-REGISTER.

 Brood, 276, 401, 424, 678, 847,
889,     904, 976.

-hakker, 678, 847, 889.
:   eel 62, 424, 678.
Brug, 26-28, 92, en 151, 170,
186. 422, 889, 892
Brutaliteit, en en 457, 630.
Bruto. 436, 8

 Buftel, 1, dar 0, 28, 297, 298, 317,

 hout, 5. 11, 12, 28, 30. 31, 69,
75, 135, ee Je 217, 218, 276,
461, 728, 737,

342, 400,

789, 819, 820 '829, 905, 921.
Branding, 481.
Brand-k ok, 89.

 -meester, 439 441.
-merken, 298, 326.

u     -rol, 273.
 spuit, 90, 158, 437, 439
441, 481.
:      -huis, 438.
.    -pijp, 440.
.     :   sl 440.
:        -stof, 909.
ei       -wacht, 588, 589.
      -zeil,

Bravoure, 508.
Breedte, 564, 570.
ks    Breken, 556.
3   Breukband, 676, 677.
Breijen, 197, 212, 328

324326, 456, 546, 547, 549,
829, 938 940. 944, 945, 947.
 (wijfjes), 11.
 dief, 298, 326, 927.
D    -stal, 326.
-kar, 14, 289 292,

  Buik,  344,

. 883.
Brief, 292, 423, 545, 679,714, 791,
865.

nd (aparte), 337.

 (besloten), 274.

 (generale), 336, 337, 460.
 (officile), 866

 (secreete), 337.
 van credit, 633, 635, 636,
651, 652, 681, 682, 716, 717,
801, 830, 878, 897, 913, 957,
984986.
port, 783.
Brieven-boek, 460, 865.
 van marque, 523, 524.
De, 669. 672, 675, 677, 707,
708, 741, 793, 831, 861, 864.

Broek, 8, 70,72, 192, 208. 211, 224,
er       332, 375, 413, 565. 694. 864.
ie              886. 887, 872, 924, 964, 965.
 hand, 267

articuliere), 537, 773, 774,

Buit, 518, 536.           4
-geld. 519, 536, 624, 652, 653,
656, 657.

Buiten (van) leeren, 426.
armen, 212, 223.
-barm, 186, 648.
 -goed, 766.
.-kantoor, 24, 43, 53, 54. 56.

81, 85, 86, 125, 16. 256 274,
279, 288, 336, 343, 354, 358,
375, 403, 405, 406, 408, 416,
423, 431, 456, 445, 446, 459,
460. 464, 465, 469, 511. 529,
532, 537, 559, 578, 589, 606,
615, 617619, 624, 632, 665,
666, 670. 672675, 677
679, 683, 690, 695, 696. 706,
726,731,737,739741,759,
769,774,775,782 784, 791,
794, 795. 797, 798, 804
806: 811813, 824,  dn

872, 873, 879, 893,
898, 900, 901, 914,
933, 982, 983, 991.

 -moeder, 197.

-post, 45, 97, 164, 165, 377,
379, 498, 559, 630, 707, 821,
831, 833-835, 844, 981.
-regent, 62, 67, 68, 107, 196
198, 216, 223, 225, 226, 268,
431, 466, 605, 881, 882, 885.
regentes, 196, 197, 605,

220, 257.

-sporigheid, 205,
-stap,
 Bal (academische), 359.
 Bultzak,
