REGISTER VAN NAMEN.

Boeijen (burger) te Batavia, 8.

Bojolali, 541.

Bola (berg), 451.

Bolang, 624, 625.

Bongas, 481.

Boni, 151.

Bonte (G.), 290.

Boom (de) te Batavia, 165, 446,
495, 496, 499.

 Samarang, 524.

 Soerabaija, 517,

524.
Boompjes-eilanden, 46.
Bordeaux, 585.

Braak (O. van), 284.
Braam (J. A. van), 41, 504,

508, 609, 647, 712, 740.
Brebes, 454, 456.
Britsch-Indi, 727, 741, 745,

747, 748.
Bronckhorst (van), 46.
Brugman, 141.

Bruins (J. J.), 208.

Buitenzorg, 4045, 59, 61,

62, 70, 72, 7779, 112,
116, 124, 127, 158, 147,
170, 216, 294, 500, 421,
450, 451, 483, 525, 539,
540, 549, 563, 592, 610,
612, 615,
649, 650, 665, 666, 682,
684, 742, 749, 750.

Cadensky, 594.
Cannaarts (H. IL), 710.
Canter-Visscher, 291.

625, 640646,

755

Caulier, 566, 695.

, Ceram, 461.
Cerf (A. le), 500.

Chass (P. T.), 268, 536.

 Chaussat, 166.

Cheribon, 16, 45, 56, 67, 68,

:      75, 86, 100, 106,

111, 115, 156, 157,

165165, 178,

2035, 217, 24

225, 259, 241, 265,

271, 274, 278, 296,

450, 448, 468, 469,

415, 476, 478, 479,

496, 517--521,

524-526, 54b,

546, 586, 587, 591,

593, 608, 625, 644,

663, 674, 675, 686,

691.

(Sultan), 157.

-ners, 54.

China, 59, 172, 175, 275, 371,
575, 475, 679.

Chinezen, 38, 52b54, 66, 78,
87, 88, 92, 95, 99, 112,
127, 155, 1359, 164, 206,
209, 221225, 256, 242,
277280, 284, 504, 311,
5153517, 520, 525, 524,
556, 557, 566, 5713575,
387, 597400, 427, 428,
455, 466, 467, 469, 476,
479, 482, 511, 515, 565,
597, 618, 621, 658, 659,
647, 681.
