1140

616, 621-623. 627, 629, 636,
767, 768, 843, 896, 903, 904,
906, 917, 925 928, 1004, 1009 -
1011, 1045 -1049, 1057.

Pacht verde 7e 392.

-betaling,
 conditie, 41,  Kz) 326, 510,
926. 927, 1047,   079.

Pachter, 51, 52, 102, 1, 182, 193
195, 214, 224226, 230, 283,
328 337, 340. 372, 373, 378 -
388, 393. 401, 407, 420, 421.
570, 602, 610, 612, 617, 628,
699, 838, 821, 852, 861, 874,
901, 903, 95, 913 -17, 925 -
928, 1004, 1005, 10101012,
1046, 1047, 1049, 10581061.

 -terij, 381.
Pachtpenningen, 193, 226, 319, 328,
329, 380, 381, 393, 616, 628,
735, 1004, 1010, 1049.
 schat, 192, 226, 283, 476, 570,
851, 1005, 1047. 1061, 1069.
 -termijn   381.
-tijd, 193; 328, 329, 380, 381,
werf

-vrij, 382.
Pad fak 1074.
Padi, 51, 103 -105, 116, 179, 613,
616, 658, 729, 816, 896902,
904, 911, 1030.
-dalem, 495.
 -gendjah, 495, 496.
: areld, 142, 285, 318, 342, 901,

Padoeakan, 854.
Pager, 701, 798.
Pajoeng, 63, 64. 376.
 -drager, 172, 173, 297 -299,

9, 954,

 664, 665, 692, Bias, 1025.
Pakje, 660, 661, 1035, 1037.

Pakhuis,  43, 44, 183, 184, 209, 212,
214220, 322, 348, 458,
459, 516, 546. 586, 610,
632, 634, 722, 723, 790.
kr 798, 935. 944, 948,

:   (5 Lands), 154, 193, 194,
96,     208. 373, 818,
822, 825, 886, 895, 912,
963. 1011, 1050.
.    bedienden, 497, 961.
:    -behoeften, 211.

ZAAK-REGISTER.

 Pakhuis-boek, 199, met ri 455,
460    42,

,     ,

 -boekhouder, ze. Oo, 228,
229, 779.

 klerk. 779.

 knecht, 766.

 meester, 84, 196, 208
212, 214 219, 229, 230,
378, 475, 516, 932, 934,
935, 950.

opzichter, 779, 792,

rekening, 888.

44,

5

delais,

Pan, 392, 1048

Panakawan, ui 173. 297, 298, 483,
492495.

Pand, 113, 252. 315, 596598, 806,
807, 809.
(in) houden, 500.

Pandasi 854.
Pandbewaarder, 805, 806, 809.

 Pandeling, 113. 114, 158, 299, 634.

Pandjes-huis, 895.

Paneel, 99.

Panembahan, 47.

abe ite: 172, 173, 297 299,

4853.
Pangeran. 42, 356, 358, 361, 363,
366, 368, 484, 491, 654.
Panggiling, 853. 854
-hoeloe, 174, 175, 502.
 -kalan, 105, 352,
 -loepoet-prauw, 905.
Pannen akker, 761.
Panoerang. 172, 297, 483.
et ge. 697.
Pagie, 472, 473, 594, er at
(Chineesch), 602. 7
(geste ag 633.
:     zezegeld), 491.
:   lavaansch), 764.
notarieel), 285, 476.
:   secrcel), 945.
:  econsech: 285.
van crediet, 186, 194, 256,
313315, 320, 375. 460.
521, 533, 597, 601, GO2, 615.
758, 759, 784, 803, 807, 809,
re 869, 874, 876, 953, 968,

-kist, den
Paste, 435, 4
Paranakan, b2, Sar, 673, 769, 770,
774, 776.
: -pheerder, 695, 982, 983, 985.
