REGISTER VAN NAMEN.

Awen, 350, 542.

Babakan, 877, 967.

’    (district), 835.

Bachman, 849.

Badjoa, 551.

Baia, 1077.

Bajabang, 1021, 1035, 1054.

Bakan, 551.

Bakoelang, 559, 602, 898.

Balemboangan, 545.

Bali, 555, 586, 452, 628, 629,

1054.
 -Badoeng, 452, 551, 578.
 -Sasak, 1054.
 -nezen, 564, 591, 625,
1047.

Baljte, 506.

Bambang Soetikno (raden), 56.

Banda, 55, 65, 66, 82. 85,

540, 551, 417, 418, 551,
578, 591, 707, 708, 724
726, 729, 819, 820, 848,
968, 972-974, 978I81,
983, 987, 988, 990, 1002,
1018.

Bandjar, 602, 900, 1021, 1054.
 vanjar, 542, 900.
 -masin, 67, 835, 510,

410, 551, 578, 727, 951.
Bandoengan, 559, 898.
Banger, 54, 172, 182, 298, 541,

899, 900, 971.
Bangil, 42, 54,

172, 176,

182, 298, 541, 899, 900,

971.

1085

Bangkalang, 160, 165, 219,
229, 531.

Bangkalis, 551.

Banglis, 864.

Banjoewangi, 48, 55, 160, 165,
175, 221, 229, 298, 540,
545, 644, 820, 901.

Bantam, 67, 69, 79, 82, 89,

189, 192, 225, 310,
517, 552, 554, 555,
357559, 569, 570,
373, 5375; 590595,
401, 451, 518, 541,
556, 664, 695, 700,
750, 741, 746, 786,
805, 804, 817, 857,
863, 870, 920, 924,
956, 951, 958, 975,
1010, 10201022,
1025 1027, 1058,
10471049.
    -mers, 564, 850.

Bantanan, 864.

Bantjar, 899.

Bantjoeng, 550.

Barawa, 897.

Barends (A.), 508, 849.
 -weg, 555.

Baroe, 897.

Basl, 54.

Batang, 172, 180, 298, 338,
559, 464, 712, 718, 741,
742, 760, 897.

Batoe-bara, 551.

 -djaja, 927.
 -tjper, 605, 865.
