REGISTER VAN NAMEN.

305, 509, 510, 516,

546,
400,
525,
602,
656,      640, 642, 644,
646-648, 651, 665, 697,
767, 718781, 784792,
800802, 804, 819, 826,
855, 885, 890, 895895,
899, 900, 902, 905, 952,
956, 942,- 957, 961, 962,
970, 974, 987, 10001005,
1013, 1017, 1018, 1020
1022, 10251029, 1042,
1047, 1051,

584,
449,
545,

624,

585,
452,
576,
625,

555, 536, 356, 34l

1067, 1068,

1076.

Soeradadi, 828.

Soerakarta, 65, 82, 85, 205,
221, 254, 274, 309, 468,
470, 578, 821, 870, 905,
920, 1005.

Soeri-djedjed, 559, 898.

Soero adi Mengolo (kiai adi-
pati), 548.

Soesoehoenan, 821, 822.

Soetji, 645, 644.

Solok, 551.

Solo-rivier, 542, 717, 900.

Somerdijk, 507.

Son (van), 508.

Songgong, 878.

Sonthar, 857, 864.
 -weg, 556.

Spanje, 554.

1097

Specht, 507.
Speelwijk (fort), 554, 569, 576.
Sprenge (van), 520.
Stadhuis-plein te Batavia, 912.
   te Batavia, 102, 519,
565, 692, 859, 895,
1075.
 te Soerabaija, 1051.
Stads-apotheek te Batavia, 669.
Steinmetz, 509.

Stopkeer, 611.
Suiker-pakhuizen te Batavia,
85, 547, 548, 722, 725.

Sumatra, 561.

Tadoenang, 559, 898.
Tagal, 87, 88, 110, 160, 164,

169,
180,
221,
272.
280,
290,
545,
655,

828,

172,

175,

185, 196,
229, 254,
274276,
282, 285,

297,
513,
715,
877,

526,
602,
714,
898,

176,
219,
263,
279,
286,
559,
605,
718,
902,

962, 974, 1017, 1021,
1054, 1069.
 -dowo, 541, 899.
Tagala, 568.
Taioe, 559, 602, 898.
Talaga, 486, 968.
Tambaioe, 901.
Tambora, 551.
Tanah-abang, 101, 519, 554,
571, 677, 864, 907.
