ZAAK-REGISTER.

Prauw balok, 362. 393, 1048.
 kolek, 739, 740.
"loon, 759, 957

I  Broele,    58,

1145

60, 71, 72, 166,
382, 842, 844, 992.
Prej Nl Tes

majang. 41, 555, 551, 739,  Leene: 302, 303, 609, 884.

760, 897.
papan, 864.
Petstiwwen veer, 958.

 Prentah,

Preadviseren door den bailluw, 553.

Precautie. 76, 126, 514, 643, 919,
942.

Predikant, 372, 452, 621, 698, 983.
Prefect, 39,   68, 82, 87-93,

106-108, 115, 116, 123, 129,

152. 153. 159, 160162, 165,
167, 169, 171, 174, 177 179,
181, 183187, 194, 204206,
209-212, 214220, 224, 226,
229, 230, 235, 272274, 276,
279282, 284296, 299, 300,
302. 316. 351, 355, 361365,
 375-379, 381, 385, 396,

 477, 481483, 487 491,

 516, 525, 528, 541, 566,
 574, 629, 630, 632635,
641, 643, 647, 650, 653,
 656, 678, 679. 686, 690,
105712, 719. 724, 727,
744, 760

886-888. 893, 911, 942, 962,
969, 974, 975, 981, 985, 986
989, 1005, 1011, 1017, 1018,
1020, 1021. 1023, 1024, 1026,
1027, 10291032, 1037, 1038,
: 1062, 1069, 1070,

Prefects-woning, 497. 6
Prefectuur, 106, 107, 109, 16 157,

159 -161, 164, 165, 167, 170,
 176, 183, 184, 203, 205
, 210, 218-221, 281. 290,
295-297, 300, 302, 474,
500. 507, 589. 629
635, 643, 644,
705, 712, 717,
762, 763, 767,
 821-828, 871,
, 932, 938, 943,

981.
Preferent, 193, 279, 1011.

, 401. 406, 449, 451, 469,
 497--503, 505. 506, 509

487, 490, 491, 495, 634,
635, 655.

Preparaat, 27, 29, 31.

 -reren, 7  3.

Prerogatief, 484, 656, 717, 834,
895, 926, 927, 966.

President administratiehoutbosschen,

262,

,      ,

,   Heemraden, 82, 96,
263,
Hooge Regeering, 959, 960,
964.

:    huwelijksche en kleine ge-
rechtszaken, 695

.   militaire vierschaar, 828.

.    Raad van justitie, 81, Ke
639, 695, 836842,
983, 985

,   Rekenkamer, 418.

.  Schepenen, 81. 519, 520,
675. 1060, 1061, 1074.
Weesmeesteren, 82, 83,

676. 695. 982, 984, 985, 1005,

1006.

Presideren, 365, 650.

Presseren, 923, 993

Pretensie, 52, 72, 114, 273, 595,
596, 629, 705, 706, 735, 806,
937. 1011

Pretext, br 107, 111, 196, 262,
285, 331, 477, 715, 926, 1025.

Preveniren (vendumeester), 71.

Preventie, 561.

Previlegie, 95, 99, 288, 338, 340
342, 480, 820, 834, 855. 880,
896. 899, 962, 966.

Priester, 178, 204, 300, 486, 491,

492, 511, 632, 633, 689.
:   (nlandsch), 975.

Principaal, 870.

Prins,

. -dom, 474, 486, 568.
Priseren bo: 907.
Procederen, 92, 328, 380, 560, 561,

638, 650, 652, 684, 830, 870,
1059.

 lido, 250.

 ture, 176, 185,-236, 640,

685, 813, 844, 845, 1006, 1061,
Procento's, 69, 70, 607, 623.
Proces, 253, 259, 501, 554, 838, 840.
