REGISTER VAN NAMEN.

Brandel, 520.

Brebes, 172, 180, 254, 298,
526, 527, 559541, 545,
718, 878, 898.

Broek (van den), 188.

Budach, 508, 509,

Buitenkerk te Batavia, 820.
 zorg, 517, 319521,
546, 550, 574, 575, 450,
518, 521, 525, 550, 558,
556, 566, 567, 605, 612,
616, 645665, 677, 816,
857, 865, 865867, 1007,
1010, 1021, 1022, 1026,
1028, 1054, 1059, 1047,
1077.       e

Busscher (J. T.), 252.

Buys (H.), 545.

Buyskes (A. A), 506, 546,
468, 611, 879, 960.

Cantebeen, 506.

Canter Visscher, 506.

Cassa, 508.

Cattenburgh (H. J. van), 508,
895.

Caulier, 508, 595, 865.

Celebes, 694, 1067.

Champ de Mars, 874.

Chass (P. F.), 306, 555, 554.
520, 827.

Cheribon, 40, 67, 69, 79, 82,
84, 85, 87, 106109, 114,
115, 156, 194, 279, 505,
516, 578, 579, 584, 587,
589, 592, 406, 474, 475,

1085

478,

505,

568,

709,

763,

818,

951,

1021,

1034,

1068.

China, 58, 84, 267, 268, 271,

272, 335, 3586, 611, 754,
904, 946, 973, 1028.

Chinezen, 49, 58, 59, 89, 96,

120, 125, 152, 155,

165, 175, 194, 254,

255, 262,265, 267

272, 285, 505, 527,

558545, 555, 564,

571, 579, 587, 589,

591, 594, 420, 426, -

477, 500, 501, 508 -

bil, 526, 546, 548,

566, 567, 570, 575,

600, 601, 615, 627,

656, 640, 641, 700,

701, 749, 766, 769,

775, 861, 885, 884,

896-902, 907, 909,

910, 916, 965, 964,

998, 1000, 1011,

1045, 1049, 1055,

1057, 1060, 1072,

1075, 1079, 1080.

   (gewapende), 611.

Coenraads (R.), 252.

489,
504,

497, 500, 501,
509, 510, 528,
627, 675, 686, 706,
714, 750, 744, 746,
766, 769, 805, 816
868, 870, 920, 956,
968, 974, 1009, 1011,
1022, 10271029,

1058, 1046, 1052,
