REGISTER VAN NAMEN,      1095

183, 184, 196, 218, 219,
221, 229, 234, 265, 272,
274, 2715, 279, 280, 282,

2

285, 286, 290, 298, 526,
340, 377, 474, 602, 711,
712, 718, 784, 885, 886,

898900, 902, 906, 968,
974, 1017, 1050, 1069.
Reijnst, 507.
Ribalds-gang te Batavia, 590,
519, 559,
Riemsdijk (W.H. van), 306,
508, 552, 555, 875.
Ringsloot (Zuider), 101, 554.
Riouw. 551, 1046.
Roban, 558, 897.
Rokus (W. D.), 509.
Romeinen, 675.
Romswinckel, 506.
Rosemijer (C.), 516.
Ross (J. T.), 572.

Rothenbuhler (F. J.), 48, 196,

509, 545, 546, 656.
Rijswijk, 471, 555, 574, 864.
    (post), 907,

Sabi (spruit), 855.
Sack, 255, 1001.

Sading, 3555, 558, 559, 561,

855, 967.
Sahimbang, 877.
Salabantar, 854, 967.
Salatiga, 179, 180, 525, 526,
819, 825, 897.
Salemba, 857.
Saleijer, 696.

 Salomons (A), 58.
Samarang, 4, 16, 28, 32, 37,

59, 47, 51, 55, 62, 63, 70,
76, 82-86, 88, 108, 115,
121, 124, 139, 144, 157,
158, 160, 161, 164, 168,
170, 172, 174177, 179,
180, 186-188, 190, 196,
2035221, 223, 229233
241, 249, 260, 261, 265,
266, 272, 273, 279282,
285, 287, 288, 290, 297,
501505, 308, 309, 519,
325527, 330, 333, 535
338, 3435, 348, 561, 375,
384, 385, 387, 392, 394,
420, 449, 462, 464, 465,
469, 473, 477, 525, 625,
545, 548, 568, 571, 572,
576, 583, 584, 598, 599,
601, 602, 624, 625, 628,
629, 636, 637, 640, 642,
645, 647, 648, 650, 651,
653, 665, 678, 699, 709,
712, 718, 719, 728, 743,

 1577164, 778, 780, 784,

787, 788, 818, 822, 825,
825828, 852, 855, 861,
868, 885, 887, 890, 895
897, 902, 905, 905, 956,
942, 948, 957, 961, 962,
968, 969, 975, 987, 1000
1003, 1009, 1014, 1016

1018, 10201022, 1025

1029, 10354, 1040, 1047,
10671070, 1076, 1081.
