ZAAK-REGISTER.

Hoofd- EN 49, 69, 92, kn 168,
295, 301,3
489, 494, 497, 506 509, 568,

1125

Houtkap, 133, 168, 181, 718, 856,
 94,

569. 634. 635, 673, 728, 770,

1041.
 -ollicier, 111, 726.
 -oflicier der genie, 436.
 -opziener der koflij, 500.
 plaats, 15.
 -prefect, 979, 981.
:  Wss 979.
 regent, 348, 486, 500, 501.
:  regentschap,  464.
 schout, 100, 595.
 -wacht, 471, 625, 860.
der chirurgie, 40.
 der Maleische natie, 59.
der prauwvoerders, 760.

loo a 89, 486, 490, 491,
4        94, 500, 501, 632, 633, 654,
655. 690, 908.

Hoogstbiedende, 896.

Hoorn, 392, 1048.
 vee, 295, 338, 896, 899,

Hospitaal, En 18, 21-23, 25, 28,

, 32, 34, 37,54, 146
Hi, 150, 151, 168, 187,
370, 371, 399, 407, 465,
470, 473, 522, 526, 571,
572, 621, 624, 685, 698,

744, 781, 783, 818, 819,

836, 852, 858, 859, 892,
943, 959, 969, 970, 972,
1

001. 1008, 1009, 1078,

1081.

:   apotheek, 1.

,    -bediende, 36.

.    -dienst, 37.

:    -meester, 19, 20, 3236,
38, 522, 523.

:    -wacht, 20, 33.
Hospitalier, 4.
Hotel (gouvernements).

544.
Hout,   124, 135, 136, 138, Ee

154, 163, 177, 280, 288, 2
318, 480, 503, 542, 545, 500:
644, 738, 744, 753, 855, 856,
860, 914, 916, 975, 1075.

 administratie, 282, 400, 406,
498, 800,

1017.
 -hosch, 81, 82, 159, 163, 169, ,

317, 474, 531, 851, 852, 855,
1069

-cultuur, 351.
 handel, 119, 122, 124,

 -machine, 1056,
 -rekenin

, Houtskool,  40. 4l, 139, 163, 400,

499, 753, 793, 794, 796, 798, 917,
Houtsoort, 139.
 ken 602, 603, 716,

 -vesterij, 120, 121.
. -vlot, 167.
 -wagen, 1057.

 -werk, 117, 118, 120, 123127,
134, 135, 138, 1

142, 152, 153, 170, 182, 184,
278-280, 426, 462, 474, 513,
Dee B 614, ed 624,
717,     720,     822,
686, 889, 532 943, st 952,
1022, 1055, 1356, 1057.
Houwer, 166, 505.
:  zlrager, 172, 297, 483.
Huid, 854.
Huis, 73.
 -bediende, 513.
 -bezoek, 257.
 -bouw, 134.
 -collecte, 721.
-genoot, 289, 478.
 -gezin, 303, 330, 342, 359, 485.
487, 495, 496, 568. 632, 634,
635, 673, 741, oe 871, 877,
878, 901, 968, 970.
houden, 1072.
houding, 129, 163, 455, 457,
514, 518, 559, 567, 604, 621,
726, 782, 875, 936.
 -houdkunde, 123.
-huur, 611, 612, 698.
raad, 35, 239, 241, 806.
 -timmerman, 698.
-vader, 485.
 vesting, 1072.
-vrouw, 461, 462, 839.
Hulp (geneeskundige) 1001.
 -troe
kid 5e 3540. 562, 660.
-cedul,   5
 -der, 5053, 352, Hami 713,
851, 855, 914, 928
: ling, 141, 752.
 loon, 97, 98, 100, 462, 621.
 -termijn,
-wagen, 96.

l   Hut,  150.
