ZAAK-REGISTER.

Klinker, 444.
Klip, 7, 341, 899, 900.
Kliwon, 488, 400, 491, 493, 505,
512, 654
Klok, 820.
Knevelarij, 141, 162, 401, 632, 633,
819, 889.

 -len, 160, 332, 383.
Knie, 142, 543.
 -band, 63.

Koe, 178, 283, 897, 906.

Koeda aloes, 744, 1036.
gladak, 744, 1036.

toekan

Koeli, 107, 109, 140, 141, 200, 218,
291, 319, 320, ef Kan, 427,
459, 466, 500. 5dl    545 547,
552, 504, 609, 611, 708. 722,

723, 744, 824, 867, 998, 1016.
pn

(Chineesche), 749
-geld, 533, 608, 756
loon,
723,
-rol, 609.
Koets, 65, 95, 369.
-huis, 1022.
Koetsier,
661, 662, 866, 1036, 1037.
Koewoe;, ren 495, 634, 655.
Kofler, 110, 660, 1035.
Koflij, 60, 155, 156, 160. 161, 178,
196, 211, 213, 218, 293, 303,
311, 343, 344, 363, 458, 489,

496, 516, 523, 613, 614, 618,
619, 631, 652, 674, 757, 825,
826. 855, 861, 871, 876, 879,

930, 933. 963, 968, 1032.
-hoom,
871, 968, 975.
boon, 155. 196, 197.
cultuur,
296,

531, 629631,

860, 968

-leverancier, 826

-opziener, 678, 679
 pakhuis, 379, 673, 835, 967.
 plant,

-plantage, 630, 634, 878.

-planten, 718

-planter, 704, 705.

-prauw, 1

-tuin, 300, 653,  704, 968.

Kogel, 374, 548, 753.

 -gieterij, 407.

141, 428, 542, 619,
889.

98, 99, 513, 658. 659,

496, 652, 653, 673,

81, 159, 281, 283,
303, '304, 496, 523,
653, 704,

1129

Kms Bi   374.
Ka er
Kok, 32, 4

Kolenbrander, 139.
 -branderij, 124, 154.
 -mijn, 407.
 -magazijn, 797.

Kolf, 751.

. Kolonel, 56, 66, 81, 111, 191, 282,

445, 462, 463, 475, 530. 734.
739, 885, 890, 894, 1003.
Kom, 1008.
Kombuis, 818.
 -goederen, 849.
Kommandant, 150, 391, 407, 423,
430 -434, 439, 444,
468, 198 500, 567,
578, 695, 696, 698,
893, te 985987,
989, 1047.
(glantseh, 535, 608,
881, 908.
Gaia 281, 287,
9, 478, 589,
646, 647; 785, 1078.
der artillerie, 746,
47, 751, 753,

:   burgerij,  395,
men 734, 739,
1028.

hl

830,
Ree divisie, 449,
746-  749, 751,      755.
Kommandeur, rn Ber.
Kommies, 127, 128, 142, 143, 455.
524, 530, 593, 731, 751,
753. 755, 756, 830, 923,
924, 1013, 1015.
je   (1e), 62, 83.
Kompagnie, 12, 13, 54, 56, 110, 111,
595,46     Ou 575, 623, 624, 626,
728, 10021   079.

Kongsi, 329, 381.
Konstabel, 921.

.   he: joor, 921.
Ent  250, 251, 558, 563 -
ri 70, 72, 73, 104, 105, 290,
Koophandel, 158.
