ZAAK-REGISTER.

Kampak, 715.
iet 544, 721.
militair), 1078.

Kamplir, 569, 831, 832, 930, 933.
Kampong, 101, 160, 166. 319, 338,
359, 373, 449. 450, 487,
497, 506509, 512, 519,
541, 623, 641, 701, 737,
763, 770, 772 -776, 896,
897, 899.

rb 294, 506, 622, 701,

73.
:     -volk, 197, 373, 658, 662,
772, 798, 819, 865.
Kanasser, 213.
Kandoeroean, 160, 299.
Kandij-suiker, 767.
Kaneel, 930, 975.
Kanon, 374, 746.
-neer-prauw, ak
-nier, 580 58:
schot, 369.
Kantoor-generaal, 84, 402.
Kapas, ps 161, 178, 293, 296, 476,
496. 631, 632, 702
708 768, 905.
-cultuur, 283, 296.
Kapeles, 712.

 755.

Kapitaal. 4, 246, 249, 252, 253, 266,

67. 371. 372. 758. 761, 762,
802. 808-810, 813. 815. 869,
882, 883, 909, 910, 919.
Kapitein, 42, 43, 54 -56, 83, 110,
111, 161, 191, 293, 435,
, 465, 516, 523, 531,
 654, 673, 679681,
 770, 774, 788, 885,
893, 920-922, 1003.
(inlandseh), 349.
(haven-), 469.
-Chinees, 41, 59, 96, 195,
268, 269, 310, 388, 391,
417, 786, 883, 909, 929,
1047, 1080.
-kommies, 745-750.
-luitenant, 421, 422, 921.
-militair, 968.
der artillerie, 232, 748.
der genie, 432.
ter zee, 421. 422.
Kapiteins-wedtuwespensisen; 319.
Kap-loon, 125.
Kapok, 362, 393. 517, 933.
Kappen, 117, 118, 120, 124, 126,
1e, 140, (52, 153, 296, 541,

, Kar,

1127

543, 644, 714, 715, gen, 852,
913917, 928.
Kabe: 125, 127, 133, 134, 138,

bs -plaats, 136, 140, 541, 718, 889.
 -lijd, 716.
52, 124, 139, 153, 320, 871.

 Karabijn, 166, Nai Kr

Karakter, 11,
Karang, 392, 108.
Karbouw, 67, 485.
Karbouwen-huid, 854.
’   -vleesch, 572, 688, 781.
Kardamon, 163, 337, 387, 499, 569,
930, 933.

Kardoes, 374, 747.
 papier, 472, 473.
Karren-weg, 857.
613.

Kartel-schip,
Kas, 762, 23.
(in) tellen, 869.
 (gouvernements), 324.
groote), 225, 226, 255, 256,
)58, 272, 810, 811.
re 255, 256, bre 272.
('sLands), 4, 34, 48, 59, 60,
80, 147, 157, 176, 190, 198,
205, 215, 275, 283, 295, 304,
305. 312, 313, 315, 316, 318,
319, 340, 348, 412, 421, 426,
429, 476, 478, 525, 526, 533,
 570, 576, 583585, 5, 596,
 607, 615, 625, 646, 642,
 672, 789, 794, 810, 842,
 869, 884, 939, 953. 963,
ne, 990, 1005, 1026,

particuliere), 875.

alah 623, 624, 640.

Kennen    14, 150, 471, 611, 612,
625, 626, 685.

Kashouder. 204, 597, 798, 822.

Kasket, 582, 583.

Kas- ordonnantie, 200, 314, 944, 953.

Kassa-boek, 217, 402, 576, 735, 811,

887, 995.

 boek (gr oe 454,
-rekening, 205, 221, 255, 256,
406, 763, 789, 822, 888, 996.

Kassier, 57, 58, 84, 192, 202, 321,
457, 805, 809 -815,
849, 909, 9      ;

’   bank van heele: 83.
Kast, 530.
Kastelein, 95, 96, 606, 962.
